375 8
9.9999400003599975e-07	9.9999400003599975e-07	9.9999400003599975e-07	9.9999400003599975e-07	9.9999400003599975e-07	9.9999400003599975e-07	9.9999400003599975e-07	9.9999300004199976e-01
9.9999400003599932e-07	9.9999400003599932e-07	4.8978550645449981e-02	9.9999400003599932e-07	9.9999400003599932e-07	9.9999400003599932e-07	9.9999400003599932e-07	9.5101544939054972e-01
9.9999400003599975e-07	9.9999400003599975e-07	9.9999400003599975e-07	9.9999400003599975e-07	9.9999400003599975e-07	9.9999400003599975e-07	9.9999400003599975e-07	9.9999300004199976e-01
9.9999400003599932e-07	9.9999400003599932e-07	9.9999400003599932e-07	9.9999400003599932e-07	9.9999400003599932e-07	9.9999400003599932e-07	6.9324187833328093e-04	9.9930075815766639e-01
1.1641416981288627e-02	9.9999700000899981e-07	1.8274366000618941e-01	2.0896105890676310e-03	9.9999700000899981e-07	9.9999700000899981e-07	1.7742296474918548e-01	6.2609934768326891e-01
9.9999400003599975e-07	9.9999400003599975e-07	9.9999400003599975e-07	9.9999400003599975e-07	9.9999400003599975e-07	9.9999400003599975e-07	9.9999400003599975e-07	9.9999300004199976e-01
9.9999500002500021e-07	9.9999500002500021e-07	1.3280704155456122e-01	1.5835467959975126e-03	9.9999500002500021e-07	9.9999500002500021e-07	9.9999500002500021e-07	8.6560441167444124e-01
9.9999400003599975e-07	9.9999400003599975e-07	9.9999400003599975e-07	9.9999400003599975e-07	9.9999400003599975e-07	9.9999400003599975e-07	9.9999400003599975e-07	9.9999300004199976e-01
9.9999400003599975e-07	9.9999400003599975e-07	9.9999400003599975e-07	9.9999400003599975e-07	9.9999400003599975e-07	9.9999400003599975e-07	9.9999400003599975e-07	9.9999300004199976e-01
9.9999600001599987e-07	1.9748885568560551e-01	1.1144436239589535e-01	9.9999600001599987e-07	9.9999600001599987e-07	9.9999600001599987e-07	1.4938148681310306e-01	5.4168129512139607e-01
9.9999400003599954e-07	9.9999400003599954e-07	1.1829153313404387e-03	9.9999400003599954e-07	9.9999400003599954e-07	9.9999400003599954e-07	9.9999400003599954e-07	9.9881108470465940e-01
1.5721721987087367e-01	7.0416571691453321e-03	1.7433452578630493e-01	9.9999700000900023e-07	9.9999700000900023e-07	6.3190377943592543e-02	9.9999700000900023e-07	5.9821321923908366e-01
9.9999600001599987e-07	9.9999600001599987e-07	9.9999600001599987e-07	3.2880019856189907e-02	9.9999600001599987e-07	1.3338155865432894e-01	1.2398209416957717e-01	7.0975232733590399e-01
3.9402559759782914e-02	1.6284709933862831e-01	7.2640304840347808e-02	1.4229948067926792e-02	9.9999900000100006e-07	8.9297073493005391e-02	1.2216720279227665e-01	4.9941481170903201e-01
9.9999400003599975e-07	9.9999400003599975e-07	9.9999400003599975e-07	9.9999400003599975e-07	9.9999400003599975e-07	9.9999400003599975e-07	9.9999400003599975e-07	9.9999300004199976e-01
1.3473541886408735e-04	9.9999600001600008e-07	2.8773745624064168e-01	9.9999600001600008e-07	9.9999600001600008e-07	9.9999600001600008e-07	2.0765948883321936e-01	5.0446431952327486e-01
9.9999400003599975e-07	9.9999400003599975e-07	3.1013845466052609e-01	9.9999400003599975e-07	9.9999400003599975e-07	9.9999400003599975e-07	9.9999400003599975e-07	6.8985554537547389e-01
9.9999700000900002e-07	9.9999700000900002e-07	3.5401718720390733e-03	2.3410941067042997e-02	9.9999700000900002e-07	1.6566130859092432e-01	1.1108952139093904e-01	6.9629505708805473e-01
9.9999400003599975e-07	9.9999400003599975e-07	9.9999400003599975e-07	9.9999400003599975e-07	9.9999400003599975e-07	9.9999400003599975e-07	9.9999400003599975e-07	9.9999300004199976e-01
9.9999400003599932e-07	9.9999400003599932e-07	9.9999400003599932e-07	9.9999400003599932e-07	9.9999400003599932e-07	9.9999400003599932e-07	2.9219101772632401e-04	9.9970180901827344e-01
9.9999400003599975e-07	9.9999400003599975e-07	9.9999400003599975e-07	9.9999400003599975e-07	9.9999400003599975e-07	9.9999400003599975e-07	9.9999400003599975e-07	9.9999300004199976e-01
9.9999700000899981e-07	9.9999700000899981e-07	4.6322306412805832e-02	9.9999700000899981e-07	1.9160842925167634e-01	1.1181190937087106e-01	1.2684303860443411e-01	5.2341131636921268e-01
9.9999400003599996e-07	1.0643287986148932e-04	9.9999400003599996e-07	9.9999400003599996e-07	9.9999400003599996e-07	9.9999400003599996e-07	9.9999400003599996e-07	9.9988756715613836e-01
9.9999400003599975e-07	9.9999400003599975e-07	9.9999400003599975e-07	9.9999400003599975e-07	9.9999400003599975e-07	9.9999400003599975e-07	9.9999400003599975e-07	9.9999300004199976e-01
9.9999400003599975e-07	9.9999400003599975e-07	9.9999400003599975e-07	9.9999400003599975e-07	9.9999400003599975e-07	9.9999400003599975e-07	9.9999400003599975e-07	9.9999300004199976e-01
9.9999400003599954e-07	1.1720116990604020e-04	9.9999400003599954e-07	9.9999400003599954e-07	9.9999400003599954e-07	9.9999400003599954e-07	9.9999400003599954e-07	9.9987679886609371e-01
9.9999400003599932e-07	6.1995741216782545e-04	9.9999400003599932e-07	9.9999400003599932e-07	9.9999400003599932e-07	9.9999400003599932e-07	9.9999400003599932e-07	9.9937404262383200e-01
4.8441389786598541e-03	9.9999700000900002e-07	1.1021212224423507e-01	1.1263712488021870e-02	9.9999700000900002e-07	9.9999700000900002e-07	2.7137453965055486e-01	6.0230248664752828e-01
9.9999400003599975e-07	9.9999400003599975e-07	9.9999400003599975e-07	9.9999400003599975e-07	7.0469078784997342e-04	9.9999400003599975e-07	9.9999400003599975e-07	9.9928930924814985e-01
9.9999400003599996e-07	9.9999400003599996e-07	9.9999400003599996e-07	3.6262567990223926e-04	9.9999400003599996e-07	9.9999400003599996e-07	9.9999400003599996e-07	9.9963137435609761e-01
9.9999400003599975e-07	9.9999400003599975e-07	9.9999400003599975e-07	9.9999400003599975e-07	9.9999400003599975e-07	9.9999400003599975e-07	9.9999400003599975e-07	9.9999300004199976e-01
9.9999400003599975e-07	9.9999400003599975e-07	9.9999400003599975e-07	9.9999400003599975e-07	9.9999400003599975e-07	9.9999400003599975e-07	9.9999400003599975e-07	9.9999300004199976e-01
9.9999400003599890e-07	9.9999400003599890e-07	3.6401459261437903e-02	9.9999400003599890e-07	9.9999400003599890e-07	9.9999400003599890e-07	9.9999400003599890e-07	9.6359254077456180e-01
6.7669529985326771e-01	9.9999700000900002e-07	9.9999700000900002e-07	6.2254286084909198e-03	2.9240707571214331e-01	6.9773471333768090e-04	2.3971461121760580e-02	9.9999700000900002e-07
5.3593298961221947e-01	5.4421567988455946e-02	1.6405549868708418e-03	3.9663101488500068e-03	2.3315773896136843e-01	1.1398365187700388e-01	2.6253411560430959e-02	3.0643774864800508e-02
7.6830606163716531e-01	9.9999500002499957e-07	9.9999500002499957e-07	2.1284892574419305e-03	2.2956044913039278e-01	9.9999500002499957e-07	9.9999500002499957e-07	9.9999500002499957e-07
9.0027452700766908e-01	1.7335422501230682e-02	9.9999700000900023e-07	1.2228178276796871e-02	5.2895753460359358e-02	9.9999700000900023e-07	9.9999700000900023e-07	1.7263118762943952e-02
9.2967998136363772e-01	9.9999700000900002e-07	1.1727542377821851e-02	1.3614935227841813e-02	9.9999700000900002e-07	9.9999700000900002e-07	3.9426015999082395e-02	5.5485250406162832e-03
7.6541855017861360e-01	9.9999400003599954e-07	9.9999400003599954e-07	9.9999400003599954e-07	2.3457544985738621e-01	9.9999400003599954e-07	9.9999400003599954e-07	9.9999400003599954e-07
5.8400238326304099e-01	1.0758843884856525e-01	3.0827145269774880e-02	9.9999900000100006e-07	7.8479617788546896e-02	1.4914407531394649e-01	3.4338485629067639e-03	4.6523490954218781e-02
5.8832007931176944e-01	1.2835025386936827e-01	4.6284145407848740e-02	2.4584010057954239e-02	6.0686294557756947e-02	1.4418149174193398e-01	9.9999900000099985e-07	7.5927250543682667e-03
9.5930035816829751e-01	9.9999400003599954e-07	9.9999400003599954e-07	4.0693641867702461e-02	9.9999400003599954e-07	9.9999400003599954e-07	9.9999400003599954e-07	9.9999400003599954e-07
8.4306447940178131e-01	9.9999500002499999e-07	9.9999500002499999e-07	9.9999500002499999e-07	1.2158762049852956e-01	3.5342900124689144e-02	9.9999500002499999e-07	9.9999500002499999e-07
5.0323812890786124e-01	1.2676068389301337e-01	1.7582889799641632e-02	2.2778949170465797e-02	3.9544471691287060e-02	2.8554204555622476e-01	9.9999900000099985e-07	4.5518309825061162e-03
9.9352671196132469e-01	9.9999400003599996e-07	9.9999400003599996e-07	9.9999400003599996e-07	6.4672880746752519e-03	9.9999400003599996e-07	9.9999400003599996e-07	9.9999400003599996e-07
2.2449357144241469e-01	8.2004713640258728e-02	9.9999600001599966e-07	9.9999600001599966e-07	6.2342666629194765e-01	7.0071048641379044e-02	9.9999600001599966e-07	9.9999600001599966e-07
6.6764646252078697e-01	5.7416715266367768e-02	2.3075456327190495e-02	1.8612359581811593e-04	8.0034669323434393e-02	1.1660763657947022e-01	5.4572762988414340e-02	4.6017339851757308e-04
6.3878030832193489e-01	4.0766660752599368e-02	1.6460337287236424e-02	9.9999800000400022e-07	1.9384148828757980e-01	1.0247867542621521e-01	9.9999800000400022e-07	7.6705299284343508e-03
9.9145321695027910e-01	9.9999400003599932e-07	9.9999400003599932e-07	9.9999400003599932e-07	9.9999400003599932e-07	9.9999400003599932e-07	8.5407830857204617e-03	9.9999400003599932e-07
4.8637116838482064e-01	1.9027069309108047e-01	8.1221601576459248e-04	9.9999800000400001e-07	2.6011019116694900e-01	5.9562634827981673e-02	2.8710965174037449e-03	9.9999800000400001e-07
8.1103486619510834e-01	9.9999600001599966e-07	9.9999600001599966e-07	9.9999600001599966e-07	1.3930611350763442e-01	4.6083326906008082e-02	3.5716934072490855e-03	9.9999600001599966e-07
8.2028266431306074e-01	9.9999600001599945e-07	9.9999600001599945e-07	4.0279355031309924e-03	1.5799637936551117e-01	1.7689020834297072e-02	9.9999600001599945e-07	9.9999600001599945e-07
9.3164232717672624e-01	9.9999500002499978e-07	9.9999500002499978e-07	2.3569585768243701e-03	6.5995714271449388e-02	9.9999500002499978e-07	9.9999500002499978e-07	9.9999500002499978e-07
7.1841533064367125e-01	9.9999700000899981e-07	1.7276918159745240e-02	9.9999700000899981e-07	2.4843241451577500e-01	1.4509062630223271e-02	9.9999700000899981e-07	1.3632740595852066e-03
4.3240891599154713e-01	1.0743052344489336e-01	9.9999700000900023e-07	2.1968833139459042e-02	4.0569780761194507e-01	3.2490919821155650e-02	9.9999700000900023e-07	9.9999700000900023e-07
6.5239421604358461e-01	4.7699454200041957e-02	9.9999700000899981e-07	1.5137620136823834e-02	1.3394409224876114e-01	1.5082161737978853e-01	9.9999700000899981e-07	9.9999700000899981e-07
6.1121581930129787e-01	2.0943229533021812e-01	8.1121671503629009e-03	9.9999700000900002e-07	1.1730034388539111e-01	5.3936374341730230e-02	9.9999700000900002e-07	9.9999700000900002e-07
9.9999400003599954e-07	9.4995487854570182e-01	5.0039121490298231e-02	9.9999400003599954e-07	9.9999400003599954e-07	9.9999400003599954e-07	9.9999400003599954e-07	9.9999400003599954e-07
2.4758338901455901e-01	4.6427748534156876e-01	6.5148887789752710e-02	1.4917311971656593e-02	1.0794593441261459e-01	9.9999900000099964e-07	5.6698201161235265e-02	4.3427790309613086e-02
2.1501331260969644e-01	2.8436264733973027e-01	8.3434960731557269e-03	9.9999900000099985e-07	3.0844375130995644e-01	3.1824126700907687e-02	1.1696185766559891e-01	3.5049808301954491e-02
3.5681064423951032e-02	5.7298218462147532e-01	9.5578077643621098e-02	9.9999900000100006e-07	1.2956788246119191e-01	1.2003256907344730e-01	2.0444225307595723e-03	4.4112799246553674e-02
2.7467240407625265e-01	6.6625682612786785e-01	3.8518769112936509e-02	9.9999700000899960e-07	9.9999700000899960e-07	5.4600323947308583e-03	9.9999700000899960e-07	1.5088968297211878e-02
1.2068456425292452e-01	4.3918744937631804e-01	4.0713351658630291e-02	8.6731066057944301e-03	2.2694813126538069e-01	8.9587345972060473e-02	7.4205050869891681e-02	9.9999900000100027e-07
9.9999900000100027e-07	4.4886076572649358e-01	2.6039098994384193e-02	1.4827794588257165e-02	1.6916880593278824e-01	1.5506750053971793e-01	1.0503405411514480e-01	8.1000980104213999e-02
9.4003543038313167e-02	4.8657478921869785e-01	9.0159242779390178e-02	1.2133365342029065e-02	9.9999900000100006e-07	1.5958590106497950e-01	1.1477498202011041e-01	4.2767176537479600e-02
1.9732420686087515e-01	7.0888123467049247e-01	3.1631152522608653e-02	9.9999800000400022e-07	2.7707358512144419e-02	9.9999800000400022e-07	2.3463420235569944e-02	1.0990627202309327e-02
9.9999700000899981e-07	6.2155787522688011e-01	8.2460207716119491e-02	9.9999700000899981e-07	9.9999700000899981e-07	6.8670909517871359e-02	1.4792318423097911e-01	7.9384823317149911e-02
6.0343924589639653e-01	9.9999700000900044e-07	9.9999700000900044e-07	1.9386385720226339e-02	1.4143814831723486e-01	1.6181799355749932e-01	7.3915226517642985e-02	9.9999700000900044e-07
8.1936877848407197e-01	5.3255060855198995e-02	1.6843003956422152e-02	2.0911184937866791e-02	4.6344302404084936e-02	3.3599339508918198e-02	9.9999900000100006e-07	9.6773298544370369e-03
5.0487754838761378e-01	2.5782833002822341e-02	9.9999600001600008e-07	9.9999600001600008e-07	4.4279505123863633e-01	2.6540567386927633e-02	9.9999600001600008e-07	9.9999600001600008e-07
6.7779131657452574e-01	8.4337981096361730e-02	9.9999500002499978e-07	9.9999500002499978e-07	2.3786570235411247e-01	9.9999500002499978e-07	9.9999500002499978e-07	9.9999500002499978e-07
6.2217644995868771e-01	8.9308731021665158e-02	6.5625349078113670e-03	8.4884144198404416e-03	2.0786893567331946e-01	2.1760094214017301e-02	1.8900578883755660e-02	2.4934260920903097e-02
8.6623471677755493e-01	9.9999700000900002e-07	9.9999700000900002e-07	4.5977485217662400e-03	6.1100289732389700e-02	9.9999700000900002e-07	4.7386480618752398e-02	2.0677764358536445e-02
5.5141841235232814e-01	1.5944949735278002e-01	7.6266068131744094e-02	1.7289215808591211e-02	3.2448935524459072e-02	1.1549092087725568e-01	9.9999900000100006e-07	4.7635949953841718e-02
7.9074395354135407e-01	9.9999700000899981e-07	6.7026838633129415e-02	1.6743563164990380e-03	9.9999700000899981e-07	1.3129092816389412e-01	9.9999700000899981e-07	9.2609233541232436e-03
7.7641111500173943e-01	5.6596457369594629e-02	6.3632661762098044e-02	3.8605405499051197e-04	9.9999800000399938e-07	8.1010100677380792e-02	9.9999800000399938e-07	2.1961611138196530e-02
8.7999037490095633e-01	9.9999700000900023e-07	3.8097155894325579e-02	3.6505069783056535e-03	4.9895728038546944e-02	9.9999700000900023e-07	9.9999700000900023e-07	2.8363234196865397e-02
9.0382113260647401e-01	9.9999600001600008e-07	6.1896637017567211e-03	9.9999600001600008e-07	9.9999600001600008e-07	8.6972818812182370e-02	3.0123848955869348e-03	9.9999600001600008e-07
6.0996705686182828e-01	1.0649776610615057e-01	9.9999700000900023e-07	1.4815605588824611e-02	2.1281502284880621e-01	5.5901548603390722e-02	9.9999700000900023e-07	9.9999700000900023e-07
2.2277407435980059e-01	1.9020257502665897e-02	2.7053359384538216e-02	9.9999900000100006e-07	6.7971568731020629e-02	6.5175661473332913e-01	6.3660252990148502e-03	5.0570999906307985e-03
2.2182859503976102e-01	9.0549402727508235e-02	9.9999700000899981e-07	9.9999700000899981e-07	1.9500037106970577e-01	4.8748257798135003e-01	9.9999700000899981e-07	5.1360531906750198e-03
5.1107404267496652e-02	4.7837683974241579e-01	9.3970114873057176e-02	9.1234827603568526e-03	1.8417192055892254e-01	5.2826581493235214e-02	1.2661518810280023e-01	3.8084682017155000e-03
9.9999700000899960e-07	7.2274572215128940e-01	2.2805352372595258e-02	1.5607580337607696e-02	1.8566650830078224e-01	9.9999700000899960e-07	9.9999700000899960e-07	5.3171836846725447e-02
2.3485309211997516e-02	6.8984859162729795e-01	9.5592500305412449e-03	9.1353633680340968e-03	1.9310106251062753e-01	4.6321734930320699e-03	6.1079844315679255e-02	9.1584054427903544e-03
9.9999400003599954e-07	6.9657877063385343e-01	9.9999400003599954e-07	9.9999400003599954e-07	3.0341522940214644e-01	9.9999400003599954e-07	9.9999400003599954e-07	9.9999400003599954e-07
9.9999800000400001e-07	7.6212229599445858e-01	5.0542521162229466e-02	9.7998778228912935e-03	1.0692346832688034e-01	9.9999800000400001e-07	3.3382162032849071e-02	3.7227674664691290e-02
1.8679090732572956e-02	6.0753832558737342e-01	6.1995728837515182e-02	2.3465608055992879e-02	7.7866356824687594e-02	1.0806425348414971e-01	7.6375913026629327e-02	2.6014723451079046e-02
9.9999600001599945e-07	9.3297855861915246e-01	4.0997781377381928e-02	9.2324417034379443e-03	9.9999600001599945e-07	1.6787218316027693e-02	9.9999600001599945e-07	9.9999600001599945e-07
8.3326290828572236e-02	6.0641102935949664e-01	9.3953763147733391e-02	9.9999800000399980e-07	9.9999800000399980e-07	1.5028778617205210e-01	2.7212483974419100e-02	3.8806646521726336e-02
9.9999700000900044e-07	7.5939107441896558e-01	3.4595238900063337e-02	9.9999700000900044e-07	5.2725852137372950e-02	9.9999700000900044e-07	1.0463250095113685e-01	4.8652333601461276e-02
9.9999400003599932e-07	9.5210430581785888e-01	9.9999400003599932e-07	9.9999400003599932e-07	9.9999400003599932e-07	9.9999400003599932e-07	9.9999400003599932e-07	4.7889694218140669e-02
9.9999800000399980e-07	8.0707762682530670e-01	3.1566477310464885e-02	1.9645974611649238e-02	9.4319170915261971e-02	9.9999800000399980e-07	3.2043531597366073e-02	1.5345218743950948e-02
7.7436394270376284e-03	5.4866783717633116e-01	6.1844650515209675e-02	1.2222047414820731e-02	2.7955275809466607e-01	5.7225848878704695e-02	1.3797939226864233e-02	1.8945279266365883e-02
7.7176891039820728e-01	5.8727913033706704e-02	9.9999900000099985e-07	1.5476358935323554e-02	5.9837629666265199e-02	3.5052149206618338e-02	1.9608227495588711e-02	3.9527811265290008e-02
9.5145460411680838e-01	9.9999600001600008e-07	9.9999600001600008e-07	1.8414913839906159e-04	9.9999600001600008e-07	7.9971465651117232e-03	4.0360100195680898e-02	9.9999600001600008e-07
9.3043618801674954e-01	9.9999500002499978e-07	2.3845182422688720e-02	9.9999500002499978e-07	9.9999500002499978e-07	4.5713629585561674e-02	9.9999500002499978e-07	9.9999500002499978e-07
5.4027149319010459e-01	1.0807449697454277e-01	9.9999700000900023e-07	2.0260674682988488e-03	3.1685626147863466e-01	3.2768680897419238e-02	9.9999700000900023e-07	9.9999700000900023e-07
6.4332618004027209e-01	3.0600442313564149e-02	9.9999700000899981e-07	9.9999700000899981e-07	2.5898966070755264e-01	5.1620295660961685e-02	9.9999700000899981e-07	1.5460421286649434e-02
6.3218580127100454e-01	1.7422237651649475e-01	2.3901459756721199e-02	2.8828735786174090e-03	1.2069899089282364e-01	4.6106497988338609e-02	9.9999800000400001e-07	9.9999800000400001e-07
5.2338340990842058e-01	1.2560816719768983e-01	9.9999700000900002e-07	1.1533679443942525e-02	2.6673794407132839e-01	7.2733799387618911e-02	9.9999700000900002e-07	9.9999700000900002e-07
9.9999900000100006e-07	3.4876604139028361e-01	6.7752503970328878e-02	2.1509440393138748e-02	1.4018332808982070e-01	3.4259461259525192e-01	6.1291188640526011e-02	1.7901884921650166e-02
2.0638248628436995e-01	3.9775147596579197e-01	5.6353301288735870e-02	9.9999800000400001e-07	7.9705844988469526e-02	9.9999800000400001e-07	1.8138509204527251e-01	7.8419799431360168e-02
9.9999800000399980e-07	6.3892745440653942e-01	1.4327013366673485e-02	1.6180777368508533e-02	2.4792264958162474e-01	3.8599083832392536e-02	9.9999800000399980e-07	4.4041021448261101e-02
9.9999900000100006e-07	6.2735316038568512e-01	4.2338557551673484e-02	1.4019125433792877e-03	7.9431897032087556e-02	9.3613497341461915e-03	1.6412439750878655e-01	7.5987725245241805e-02
9.9999600001600008e-07	9.3333722825160370e-01	5.4963372128206789e-02	6.7133002015245186e-03	9.9999600001600008e-07	9.9999600001600008e-07	9.9999600001600008e-07	4.9820994346648348e-03
6.6124367677699664e-02	5.8491703615849056e-01	1.8272524299505315e-02	1.2905499260886289e-02	2.8454385154921852e-01	9.9999800000400022e-07	3.3234721058199773e-02	9.9999800000400022e-07
9.9999400003599954e-07	7.9805306303388468e-01	9.9999400003599954e-07	9.9999400003599954e-07	2.0194093700211535e-01	9.9999400003599954e-07	9.9999400003599954e-07	9.9999400003599954e-07
9.9999700000900023e-07	8.4825077214712752e-01	6.6515857395017461e-02	1.6200308751395540e-02	5.3465961751641415e-02	9.9999700000900023e-07	9.9999700000900023e-07	1.5564099963818035e-02
8.2427547310215218e-02	6.5784367691757184e-01	4.1921204100283806e-02	3.0383100303894911e-03	1.5888728443218320e-01	9.9999800000399980e-07	5.5879977213356455e-02	9.9999800000399980e-07
9.9999800000400065e-07	6.6198394414939543e-01	2.1835393609908011e-02	9.9999800000400065e-07	2.0051105264347062e-03	1.4725749683992781e-01	1.1708485193263013e-01	4.9831202945703985e-02
6.7860878972000355e-02	6.2279520578380065e-01	1.0246925433425987e-02	1.0115789452092091e-02	1.0980901551090687e-01	6.8527572926099609e-02	7.5282870487502693e-02	3.5361741434171652e-02
9.9999700000900023e-07	4.7250328086610133e-01	1.3809431464196212e-01	9.9999700000900023e-07	9.9999700000900023e-07	1.0168117284110480e-01	2.0323240943395990e-01	8.4485822225871948e-02
9.9999700000899981e-07	8.0266987791774380e-01	6.4637337191324654e-02	9.9999700000899981e-07	6.0454927425650590e-02	9.9999700000899981e-07	4.9584577827571072e-02	2.2650279646709737e-02
7.0414234147462423e-02	6.9054406205075292e-01	3.5510639479315591e-02	1.6941793251262514e-02	1.3533734187148785e-02	6.1160009205261059e-02	7.8425191351754048e-02	3.3470336327042521e-02
6.8813661162895778e-02	6.1217236728111024e-01	9.9999700000900002e-07	2.7897496399978593e-02	2.6452743838680798e-01	2.6586036778207426e-02	9.9999700000900002e-07	9.9999700000900002e-07
7.6278065612523549e-01	3.6549512788458999e-02	9.9999900000099985e-07	1.2476821623086443e-02	4.5592981679414495e-02	7.7161573805334505e-02	4.8724142742151616e-02	1.6713311237318288e-02
6.3206859124265913e-01	9.4858419570114899e-02	3.1670044728722849e-03	2.7283726379622293e-02	8.9978199938554354e-02	1.3612852320362157e-01	9.9999900000100027e-07	1.6514535193555398e-02
6.4610725553768544e-01	1.1812280098161638e-02	2.6193502428832061e-02	1.2558080379876045e-02	9.7961027024316458e-02	1.0593091556042233e-01	8.6352302717581930e-02	1.3084636253123954e-02
7.8443166265873832e-01	9.9999800000400001e-07	4.7404314119409239e-03	9.9999800000400001e-07	3.0334588894593305e-02	9.0194288432083020e-02	7.9223592054255138e-02	1.1073436552389142e-02
6.1225996339331035e-01	1.1382163570593565e-01	3.6920042845714220e-03	6.2588424828742646e-03	8.6556866229732618e-02	1.1116547830326923e-01	5.6746549021746882e-02	9.4986605785595726e-03
1.2716488116914301e-01	4.1327950650228695e-01	1.3515318051647049e-01	2.6797421635017742e-02	1.1803960335564781e-01	9.9999900000099985e-07	1.2643296160988343e-01	5.3131445212550567e-02
9.9999600001600030e-07	7.6687967543310920e-01	8.9195654588884399e-02	9.9999600001600030e-07	9.9999600001600030e-07	9.9999600001600030e-07	1.0355610440756968e-01	4.0364565586436668e-02
1.6218111229653536e-02	5.8877421133579322e-01	6.3577421344815421e-02	6.4666043554169250e-03	7.5533582861130474e-02	1.3373712102276083e-02	2.2485542814757309e-01	1.1200928623341272e-02
6.6942079277781771e-02	5.1129487862723177e-01	1.0999195549672855e-01	4.9007934868476703e-03	1.0968371585212185e-01	2.3046270358699442e-02	8.2576537260516780e-02	9.1563769640071957e-02
9.9999900000100006e-07	1.8406972820675396e-01	7.2504840534351800e-02	1.6375454922394804e-02	2.2825890457173792e-01	2.6679775440222497e-01	1.3501260208785509e-01	9.6979715275681555e-02
9.9999400003599975e-07	9.8746861170441880e-01	9.9999400003599975e-07	1.2525388331581368e-02	9.9999400003599975e-07	9.9999400003599975e-07	9.9999400003599975e-07	9.9999400003599975e-07
9.9999400003599996e-07	6.4146305258742498e-01	9.9999400003599996e-07	9.9999400003599996e-07	3.5853094744857494e-01	9.9999400003599996e-07	9.9999400003599996e-07	9.9999400003599996e-07
8.6412177489217937e-02	4.7039881971349756e-01	1.6621596236966428e-02	1.4283020985695736e-02	2.7948853341957064e-01	1.3279385215905182e-01	9.9999800000399980e-07	9.9999800000399980e-07
9.9999400003599954e-07	5.9770481417032295e-01	9.9999400003599954e-07	9.9999400003599954e-07	4.0228918586567691e-01	9.9999400003599954e-07	9.9999400003599954e-07	9.9999400003599954e-07
9.9999700000900002e-07	6.2297578489987626e-01	1.6706992260454209e-01	9.9999700000900002e-07	9.9999700000900002e-07	7.9175106719432467e-02	1.2866086546367686e-01	2.1153203214722836e-03
1.0595498491776048e-01	4.5443216574526951e-01	6.0208209945556646e-02	1.3331464991528279e-03	6.5128255729806378e-02	8.2993848905299997e-02	1.7910617302549725e-01	5.0843215231657066e-02
9.9999700000899981e-07	8.2145198141443043e-01	1.1473973550109595e-01	1.2590728176725264e-03	9.9999700000899981e-07	2.0324660118228925e-02	9.9999700000899981e-07	4.2221550157572139e-02
2.6609923052282130e-03	5.2453037371340405e-01	6.9171234743642049e-02	9.9999900000099964e-07	5.1597839954544263e-02	1.9855132592070396e-01	1.2449674988362545e-01	2.8990483479851989e-02
9.9999700000899939e-07	2.4723070162144392e-01	3.6323730932285270e-01	9.9999700000899939e-07	7.8369546811024107e-02	9.9999700000899939e-07	2.1846026577750627e-01	9.2699176476172901e-02
3.9817578071618558e-02	2.2262067327584922e-01	5.7505777581876760e-01	5.3542837501173350e-03	1.3207968773116505e-01	9.9999900000099985e-07	1.9049698655009290e-02	6.0193026984728636e-03
9.9999700000900002e-07	4.6669654190700439e-02	8.1565489874908748e-01	1.0286221805041311e-02	9.9999700000900002e-07	9.9999700000900002e-07	6.8294773886647148e-02	5.9091451377523474e-02
9.1456365040850349e-02	1.0959849925214761e-01	3.7281816915531840e-01	6.1894082937304111e-03	1.6976305842332623e-01	9.9999900000099985e-07	2.0058023475391612e-01	4.9593265081710670e-02
1.5272331657798044e-01	1.5095219292169421e-01	3.4078934270754963e-01	7.4699052052914442e-03	6.1452691695796931e-02	1.0328974838963126e-01	1.1985988044950703e-01	6.3462922052549123e-02
2.6837540344957712e-02	2.9743156338277080e-02	7.2428596152798508e-01	8.4661359426824508e-03	6.2772149129715057e-02	9.7737966956456482e-03	1.1023532702526875e-01	2.7885932995468304e-02
3.7659453345096405e-02	1.9868684010210177e-01	6.7260501438972120e-01	1.0467530098020173e-02	2.5702744536274642e-02	9.9999900000100048e-07	4.7003149395965643e-02	7.8742681338203335e-03
8.5659927430598207e-02	2.0572384121829490e-02	4.7743191547776581e-01	3.5602548186539195e-03	1.1945883896113502e-01	9.9999900000099985e-07	1.4421858309063021e-01	1.4909709610038743e-01
9.9999500002499978e-07	9.9999500002499978e-07	8.0731207379793657e-01	9.9999500002499978e-07	9.9999500002499978e-07	9.9999500002499978e-07	8.8310419785072397e-02	1.0437250644199079e-01
9.9999700000899960e-07	3.0098000818284582e-02	6.4892261472256385e-01	9.9999700000899960e-07	5.1448829661967024e-04	9.9999700000899960e-07	2.2013145306829360e-01	1.0033044310323845e-01
9.9999500002499957e-07	9.9999500002499957e-07	6.5686218323946344e-01	9.9999500002499957e-07	9.9999500002499957e-07	9.9999500002499957e-07	1.4989022639805963e-01	1.9324259038747690e-01
2.0304447103195001e-02	5.0488706881019453e-02	5.7817409593683966e-01	6.9884942078663132e-03	1.5368533279660404e-01	9.9999900000100027e-07	1.4589910219682900e-01	4.4458820878646575e-02
9.9999800000400022e-07	1.7755153070001948e-02	5.5184032678191042e-01	5.8528692299592367e-03	1.0942627991084196e-01	9.9999800000400022e-07	2.0578512722157494e-01	1.0933824378971146e-01
1.2092217020632186e-01	2.5863256981752736e-01	2.1942489158521916e-01	9.4083253879577427e-03	1.2640273274674546e-02	9.9999900000100027e-07	2.7408999041227994e-01	1.0488077931701953e-01
4.7657556584926722e-02	1.0372276019116933e-01	4.3413823187305645e-01	1.1620759716678281e-02	9.9999900000100006e-07	1.6285642568513667e-01	1.8687373099134147e-01	5.3129534958690973e-02
9.9999800000400001e-07	7.9981366940442819e-02	3.8283340477025579e-01	4.8258198265132722e-03	9.9999800000400001e-07	4.2925575985328174e-02	2.6016681145217840e-01	2.2926502102928162e-01
9.9999600001599966e-07	8.9554816130072559e-02	6.8754819973791592e-01	9.9999600001599966e-07	9.9999600001599966e-07	9.9999600001599966e-07	1.9198406494667744e-01	3.0908919201333967e-02
9.9999500002499999e-07	9.9999500002499999e-07	9.9434612218786245e-01	3.0841497181251552e-04	9.9999500002499999e-07	9.9999500002499999e-07	9.9999500002499999e-07	5.3404628653249773e-03
1.1869987140808766e-01	2.0730750103689144e-01	3.9849520435203711e-01	6.8530124136675858e-03	7.8448107981069701e-02	9.9999900000099985e-07	1.4193148986297396e-01	4.8263812946272397e-02
1.5428075700398816e-01	5.5956820162162697e-02	3.6058585252652520e-01	8.3950746342574423e-03	8.7630534155584999e-02	1.4432879118677847e-01	1.1873987485979122e-01	7.0082295470911965e-02
8.1719422401010489e-02	9.9999900000099943e-07	6.4419226887127046e-01	9.7038926570718626e-03	7.7971262413932041e-02	2.7099341547878616e-02	1.0342227941431044e-01	5.5890532695525991e-02
1.2640552626518400e-01	8.2259147417473338e-02	5.6674922451233578e-01	6.2057823458118043e-04	1.6405191592168850e-01	9.9999900000099964e-07	5.9385523420918060e-03	5.3974055307645270e-02
1.0500322175047169e-01	9.1250051890728670e-02	6.1621211333260539e-01	9.9999700000900002e-07	1.3101972227540299e-02	9.9999700000900002e-07	1.7442964080765394e-01	9.9999700000900002e-07
5.5016990027934705e-02	9.1669852009065550e-02	4.9089883249536587e-01	4.1173409727740654e-02	6.6943438663269392e-02	1.0855416781732968e-02	2.2217904229016608e-01	2.1263018004724844e-02
9.9999700000900002e-07	1.0986131458076692e-01	6.1563901416168609e-01	9.9999700000900002e-07	1.1719622130404377e-01	9.9999700000900002e-07	1.4497767181435486e-01	1.2322778148148300e-02
8.8543061160660311e-02	3.6864535044680076e-02	5.5963784780812842e-01	9.9999800000400022e-07	1.8069681756076234e-01	9.9999800000400022e-07	1.1248997346865459e-01	2.1765764961114195e-02
9.9999700000900023e-07	9.9999700000900023e-07	5.8755922918401327e-01	5.6096435032638066e-03	4.7611034361394432e-02	9.9999700000900023e-07	2.1684622928177616e-01	1.4237086367855245e-01
9.9999800000400001e-07	1.3765006219348959e-02	5.1788541851754633e-01	3.0387178443813178e-02	4.6319540178875540e-03	9.9999800000400001e-07	3.6126138545964509e-01	7.2067057345758898e-02
7.2826392039794111e-03	2.0129076519091398e-02	6.9909107731295139e-01	5.2572245060067257e-03	1.3121634254334713e-01	6.2304197933005599e-03	1.3079222012232322e-01	9.9999900000099985e-07
9.6655721007497822e-02	5.4393496985554506e-02	5.1895164907505231e-01	9.9999700000900002e-07	9.9999700000900002e-07	9.9999700000900002e-07	2.3966650299779932e-01	9.0329629943095943e-02
1.4235592988539106e-01	4.2429880526923230e-02	5.2569978968337716e-01	5.0385364982904529e-03	1.6731795826416912e-01	9.9999900000100006e-07	1.0922237364612458e-01	7.9345314967244583e-03
9.9999700000899981e-07	9.0802971183965141e-03	6.3164525970963314e-01	1.4387173303901780e-02	9.9999700000899981e-07	9.9999700000899981e-07	2.0114264284835148e-01	1.4374162702871712e-01
9.9999700000900023e-07	9.9999700000900023e-07	7.0789437017352308e-01	9.5689149340697482e-03	6.6354242818977088e-02	9.9999700000900023e-07	1.8570155515571238e-01	3.0477916926717773e-02
9.9999700000900002e-07	2.1274157399731829e-02	7.3503777197789821e-01	9.9999700000900002e-07	2.3749095029595973e-03	9.9999700000900002e-07	1.5543431701412941e-01	8.5875844114281008e-02
6.0801261781347413e-03	2.0553172664947778e-01	4.0807687527166908e-01	9.9999900000100070e-07	1.3791778756560891e-01	6.3867325386136996e-03	1.6592372310270989e-01	7.0082028694786025e-02
1.2077424254823155e-01	1.0465310493750266e-01	4.6609610930366074e-01	9.9999800000400022e-07	2.5032201495150791e-01	9.9999800000400022e-07	5.5208972631591434e-02	2.9435556315058008e-03
9.9999800000400001e-07	1.1656105045975010e-01	5.8455110866443605e-01	1.2119541539418376e-02	5.5085285388001858e-02	9.9999800000400001e-07	1.4045324484304950e-01	9.1227769109344034e-02
9.9999700000900044e-07	9.9999700000900044e-07	8.3560626639331437e-01	5.0185761485381951e-03	4.4999020554306081e-02	9.9999700000900044e-07	7.6432210847049348e-02	3.7940926065792038e-02
9.9999500002499957e-07	9.9999500002499957e-07	8.2161315544436531e-01	9.9999500002499957e-07	9.9999500002499957e-07	9.9999500002499957e-07	1.6287609990837063e-01	1.5505744672263892e-02
9.9999400003599975e-07	9.9999400003599975e-07	9.3904268244595623e-01	9.9999400003599975e-07	9.9999400003599975e-07	9.9999400003599975e-07	9.9999400003599975e-07	6.0951317590043387e-02
3.5631401456848955e-02	5.8620180918863996e-03	4.4777224270789340e-01	9.9999900000100006e-07	1.0632670669812871e-01	2.4217374047959295e-01	1.2503325403301965e-01	3.7199636533630065e-02
9.9999700000900023e-07	4.6042359903697178e-02	8.1150825613457167e-01	9.9999700000900023e-07	1.6058746785604355e-02	9.9999700000900023e-07	5.3083412262192015e-02	7.3304224922934647e-02
9.9999700000900023e-07	9.3375211052923415e-02	3.3429723991432986e-01	9.9999700000900023e-07	2.0833853494319221e-01	9.9999700000900023e-07	2.0473994723213149e-01	1.5924606686642306e-01
9.9999700000899981e-07	7.4992711126164485e-02	5.7435630935473414e-01	6.7174821322729334e-03	9.9999700000899981e-07	9.9999700000899981e-07	2.2319221076218518e-01	1.2073828663364329e-01
5.3325198020996015e-02	9.9999700000900002e-07	4.7870361610665096e-01	9.9999700000900002e-07	1.1559293124533278e-01	9.9999700000900002e-07	2.3593949398591874e-01	1.1643576065010150e-01
2.0696985723214590e-02	2.9399166978036427e-02	5.4974248463743403e-01	2.0515465673121607e-02	1.3417640463232666e-01	9.9999900000100027e-07	2.4272120825110893e-01	2.7472841057576097e-03
9.9999500002499999e-07	3.1062774850476958e-02	9.5627023089131291e-01	9.9999500002499999e-07	9.9999500002499999e-07	9.9999500002499999e-07	9.9999500002499999e-07	1.2661994283210076e-02
9.9999700000900002e-07	2.9082108565985632e-02	8.0687808121476390e-01	5.4295938579218984e-03	9.7425301912765189e-02	9.9999700000900002e-07	6.1181914457563442e-02	9.9999700000900002e-07
9.9999700000899981e-07	5.1902457627554584e-02	5.6537935699985054e-01	9.9999700000899981e-07	6.7390539660186322e-02	9.9999700000899981e-07	2.4666394259159824e-01	6.8660703129810374e-02
1.5464635456584311e-01	1.4080759360340980e-01	2.6086397729358923e-01	9.9999900000099985e-07	1.0302819027530412e-01	2.6725079846761982e-02	2.3345731587753055e-01	8.0470488538561466e-02
9.9999400003599954e-07	9.9999400003599954e-07	9.9999400003599954e-07	1.0347937497743603e-02	9.8964606253825638e-01	9.9999400003599954e-07	9.9999400003599954e-07	9.9999400003599954e-07
9.9999400003599996e-07	9.9999400003599996e-07	9.9999400003599996e-07	9.9999400003599996e-07	9.9999300004199998e-01	9.9999400003599996e-07	9.9999400003599996e-07	9.9999400003599996e-07
9.9999400003599996e-07	9.9999400003599996e-07	9.9999400003599996e-07	9.1976431281867183e-03	9.9079635690781331e-01	9.9999400003599996e-07	9.9999400003599996e-07	9.9999400003599996e-07
9.9999400003599996e-07	9.9999400003599996e-07	9.9999400003599996e-07	9.9999400003599996e-07	9.9999300004199998e-01	9.9999400003599996e-07	9.9999400003599996e-07	9.9999400003599996e-07
9.9999400003599996e-07	9.9999400003599996e-07	9.9999400003599996e-07	9.9999400003599996e-07	9.9999300004199998e-01	9.9999400003599996e-07	9.9999400003599996e-07	9.9999400003599996e-07
9.9999400003599996e-07	9.9999400003599996e-07	9.9999400003599996e-07	9.9999400003599996e-07	9.9999300004199998e-01	9.9999400003599996e-07	9.9999400003599996e-07	9.9999400003599996e-07
9.9999400003599996e-07	9.9999400003599996e-07	9.9999400003599996e-07	9.9999400003599996e-07	9.9999300004199998e-01	9.9999400003599996e-07	9.9999400003599996e-07	9.9999400003599996e-07
9.9999400003599996e-07	9.9999400003599996e-07	9.9999400003599996e-07	9.9999400003599996e-07	9.9999300004199998e-01	9.9999400003599996e-07	9.9999400003599996e-07	9.9999400003599996e-07
9.9999400003599996e-07	9.9999400003599996e-07	9.9999400003599996e-07	9.9999400003599996e-07	9.9999300004199998e-01	9.9999400003599996e-07	9.9999400003599996e-07	9.9999400003599996e-07
9.9999400003599996e-07	9.9999400003599996e-07	9.9999400003599996e-07	9.9999400003599996e-07	9.9999300004199998e-01	9.9999400003599996e-07	9.9999400003599996e-07	9.9999400003599996e-07
9.9999400003599996e-07	9.9999400003599996e-07	9.9999400003599996e-07	9.9999400003599996e-07	9.9999300004199998e-01	9.9999400003599996e-07	9.9999400003599996e-07	9.9999400003599996e-07
9.9999400003599996e-07	9.9999400003599996e-07	9.9999400003599996e-07	9.9999400003599996e-07	9.9999300004199998e-01	9.9999400003599996e-07	9.9999400003599996e-07	9.9999400003599996e-07
9.9999400003599996e-07	9.9999400003599996e-07	9.9999400003599996e-07	9.9999400003599996e-07	9.9999300004199998e-01	9.9999400003599996e-07	9.9999400003599996e-07	9.9999400003599996e-07
9.9999400003599996e-07	9.9999400003599996e-07	9.9999400003599996e-07	9.9999400003599996e-07	9.9999300004199998e-01	9.9999400003599996e-07	9.9999400003599996e-07	9.9999400003599996e-07
9.9999400003599996e-07	9.9999400003599996e-07	9.9999400003599996e-07	9.9999400003599996e-07	9.9999300004199998e-01	9.9999400003599996e-07	9.9999400003599996e-07	9.9999400003599996e-07
9.9999400003599996e-07	9.9999400003599996e-07	9.9999400003599996e-07	9.9999400003599996e-07	9.9999300004199998e-01	9.9999400003599996e-07	9.9999400003599996e-07	9.9999400003599996e-07
9.9999400003599996e-07	9.9999400003599996e-07	9.9999400003599996e-07	9.9999400003599996e-07	9.9999300004199998e-01	9.9999400003599996e-07	9.9999400003599996e-07	9.9999400003599996e-07
9.9999400003599996e-07	9.9999400003599996e-07	9.9999400003599996e-07	9.9999400003599996e-07	9.9999300004199998e-01	9.9999400003599996e-07	9.9999400003599996e-07	9.9999400003599996e-07
9.9999400003599996e-07	9.9999400003599996e-07	9.9999400003599996e-07	5.8334741618476982e-04	9.9941065261981521e-01	9.9999400003599996e-07	9.9999400003599996e-07	9.9999400003599996e-07
9.9999400003599996e-07	9.9999400003599996e-07	9.9999400003599996e-07	9.9999400003599996e-07	9.9999300004199998e-01	9.9999400003599996e-07	9.9999400003599996e-07	9.9999400003599996e-07
9.9999400003599996e-07	9.9999400003599996e-07	9.9999400003599996e-07	9.9999400003599996e-07	9.9999300004199998e-01	9.9999400003599996e-07	9.9999400003599996e-07	9.9999400003599996e-07
9.9999400003599996e-07	9.9999400003599996e-07	9.9999400003599996e-07	9.9999400003599996e-07	9.9999300004199998e-01	9.9999400003599996e-07	9.9999400003599996e-07	9.9999400003599996e-07
9.9999400003600017e-07	9.9999400003600017e-07	9.9999400003600017e-07	1.5815813086407889e-02	9.8417818694959214e-01	9.9999400003600017e-07	9.9999400003600017e-07	9.9999400003600017e-07
9.9999400003599996e-07	9.9999400003599996e-07	9.9999400003599996e-07	9.9999400003599996e-07	9.9999300004199998e-01	9.9999400003599996e-07	9.9999400003599996e-07	9.9999400003599996e-07
9.9999400003599932e-07	9.9999400003599932e-07	9.9999400003599932e-07	1.3524579743526267e-02	9.8646942029247386e-01	9.9999400003599932e-07	9.9999400003599932e-07	9.9999400003599932e-07
9.9999400003599996e-07	9.9999400003599996e-07	9.9999400003599996e-07	9.9999400003599996e-07	9.9999300004199998e-01	9.9999400003599996e-07	9.9999400003599996e-07	9.9999400003599996e-07
9.9999400003599996e-07	9.9999400003599996e-07	9.9999400003599996e-07	4.7113872817990208e-03	9.9528261275420093e-01	9.9999400003599996e-07	9.9999400003599996e-07	9.9999400003599996e-07
9.9999400003599996e-07	9.9999400003599996e-07	9.9999400003599996e-07	9.9999400003599996e-07	9.9999300004199998e-01	9.9999400003599996e-07	9.9999400003599996e-07	9.9999400003599996e-07
9.9999400003599996e-07	9.9999400003599996e-07	9.9999400003599996e-07	9.9999400003599996e-07	9.9999300004199998e-01	9.9999400003599996e-07	9.9999400003599996e-07	9.9999400003599996e-07
9.9999400003599996e-07	9.9999400003599996e-07	9.9999400003599996e-07	9.9999400003599996e-07	9.9999300004199998e-01	9.9999400003599996e-07	9.9999400003599996e-07	9.9999400003599996e-07
9.9999400003599996e-07	9.9999400003599996e-07	9.9999400003599996e-07	9.9999400003599996e-07	9.9999300004199998e-01	9.9999400003599996e-07	9.9999400003599996e-07	9.9999400003599996e-07
9.9999400003599996e-07	9.9999400003599996e-07	9.9999400003599996e-07	9.9999400003599996e-07	9.9999300004199998e-01	9.9999400003599996e-07	9.9999400003599996e-07	9.9999400003599996e-07
9.9999400003599996e-07	9.9999400003599996e-07	9.9999400003599996e-07	9.9999400003599996e-07	9.9999300004199998e-01	9.9999400003599996e-07	9.9999400003599996e-07	9.9999400003599996e-07
9.9999500002499978e-07	9.9999500002499978e-07	9.9999500002499978e-07	1.0544662117578632e-02	9.8260682555285517e-01	9.9999500002499978e-07	6.8435123545661286e-03	9.9999500002499978e-07
