375 8
9.9999500002499978e-07	3.8479635023351414e-04	9.9999500002499978e-07	9.9999500002499978e-07	1.1457619884426943e-04	9.9999500002499978e-07	9.9949562747592213e-01	9.9999500002499978e-07
9.9999500002499978e-07	9.9999500002499978e-07	9.9999500002499978e-07	5.6188823823438746e-05	9.9999500002499978e-07	6.6901664090830607e-02	9.3303714711034580e-01	9.9999500002499978e-07
9.9999400003599954e-07	9.9999400003599954e-07	9.9999400003599954e-07	9.9999400003599954e-07	1.9481634240453436e-04	9.9999400003599954e-07	9.9979918369359544e-01	9.9999400003599954e-07
9.9999500002499957e-07	7.7914772239607915e-04	9.9999500002499957e-07	9.9999500002499957e-07	2.2585046769467594e-04	9.9999500002499957e-07	9.9899000183490916e-01	9.9999500002499957e-07
1.3979379097814042e-02	3.0381912845296784e-03	9.9999700000900002e-07	1.7333853554560325e-01	9.9999700000900002e-07	1.8527937211982842e-01	6.2436152196122474e-01	9.9999700000900002e-07
9.9999500002500021e-07	1.1704579324202487e-04	9.9999500002500021e-07	9.9999500002500021e-07	1.9442724635806242e-05	9.9999500002500021e-07	9.9985851150712213e-01	9.9999500002500021e-07
9.9999600001599987e-07	2.8847798025253566e-03	9.9999600001599987e-07	9.9999600001599987e-07	1.4277846010072558e-03	1.3846423909357289e-01	8.5721919651889456e-01	9.9999600001599987e-07
9.9999400003599996e-07	9.9999400003599996e-07	9.9999400003599996e-07	5.1092667354982925e-05	9.9999400003599996e-07	9.9999400003599996e-07	9.9994290736864477e-01	9.9999400003599996e-07
9.9999500002500317e-07	9.9999500002500317e-07	9.9999500002500317e-07	1.4737267477132196e-04	4.4236544893306109e-05	9.9999500002500317e-07	9.9980339080533531e-01	9.9999500002500317e-07
9.9999600001599987e-07	9.9999600001599987e-07	9.9999600001599987e-07	1.4944243640207036e-01	1.9758724405552019e-01	1.1232966673297030e-01	5.4063665282543916e-01	9.9999600001599987e-07
9.9999400003599954e-07	9.9999400003599954e-07	9.9999400003599954e-07	9.9999400003599954e-07	9.9999400003599954e-07	5.6012629578629774e-03	9.9439273707813680e-01	9.9999400003599954e-07
1.5657739229356776e-01	9.9999700000900023e-07	9.9999700000900023e-07	9.9999700000900023e-07	7.8501982280987231e-03	1.7492221263054447e-01	5.9741190461233484e-01	6.3235292244454372e-02
9.9999600001600030e-07	3.2954794412918695e-02	9.9999600001600030e-07	1.2450519151856890e-01	9.9999600001600030e-07	9.9999600001600030e-07	7.0918176689246126e-01	1.3335424719205108e-01
3.9129030428947720e-02	1.4571174210930878e-02	9.9999900000100006e-07	1.2207945951787900e-01	1.6294839293931790e-01	7.3353765040061816e-02	4.9863178223065702e-01	8.9285395633205769e-02
9.9999400003599975e-07	9.9999400003599975e-07	9.9999400003599975e-07	9.9999400003599975e-07	9.9999400003599975e-07	9.9999400003599975e-07	9.9999300004199976e-01	9.9999400003599975e-07
5.5349501609336903e-04	9.9999600001600008e-07	9.9999600001600008e-07	2.0640030633437143e-01	9.9999600001600008e-07	2.9036091996008306e-01	5.0268127870545221e-01	9.9999600001600008e-07
9.9999400003599975e-07	9.9999400003599975e-07	9.9999400003599975e-07	9.9999400003599975e-07	9.9999400003599975e-07	3.1088224359357075e-01	6.8911175644242917e-01	9.9999400003599975e-07
9.9999700000899981e-07	2.3463988881400215e-02	9.9999700000899981e-07	1.1041553302904399e-01	9.9999700000899981e-07	5.0942648615749670e-03	6.9525350883918091e-01	1.6576970439779998e-01
9.9999400003599932e-07	9.9999400003599932e-07	9.9999400003599932e-07	9.9999400003599932e-07	2.0194403684985868e-04	9.9999400003599932e-07	9.9979205599915000e-01	9.9999400003599932e-07
3.3474966825805455e-05	9.9999400003600081e-07	9.9999400003600081e-07	9.9999400003600081e-07	9.9999400003600081e-07	9.9999400003600081e-07	9.9996052506917399e-01	9.9999400003600081e-07
9.9999400003599975e-07	9.9999400003599975e-07	9.9999400003599975e-07	5.0839952712394570e-05	9.9999400003599975e-07	9.9999400003599975e-07	9.9994316008328754e-01	9.9999400003599975e-07
9.9999700000900002e-07	9.9999700000900002e-07	1.9176127636266749e-01	1.2656344189413288e-01	9.9999700000900002e-07	4.6802929646879536e-02	5.2304566793937224e-01	1.1182368416594793e-01
9.9999400003599996e-07	9.9999400003599996e-07	9.9999400003599996e-07	9.9999400003599996e-07	7.1396249707200558e-04	9.9999400003599996e-07	9.9928003753892791e-01	9.9999400003599996e-07
9.9999400003599932e-07	9.9999400003599932e-07	9.9999400003599932e-07	9.9999400003599932e-07	1.4372541234224288e-04	9.9999400003599932e-07	9.9985027462365772e-01	9.9999400003599932e-07
1.9247599395102539e-05	8.6620842595505945e-06	9.9999500002500021e-07	9.9999500002500021e-07	9.9999500002500021e-07	9.9999500002500021e-07	9.9996709034134534e-01	9.9999500002500021e-07
9.9999400003599975e-07	9.9999400003599975e-07	9.9999400003599975e-07	9.9999400003599975e-07	1.0166245455321015e-03	9.9999400003599975e-07	9.9897737549046783e-01	9.9999400003599975e-07
9.9999500002500021e-07	4.8716849820466443e-04	9.9999500002500021e-07	9.9999500002500021e-07	5.0756377764409218e-04	9.9999500002500021e-07	9.9900026774915118e-01	9.9999500002500021e-07
4.8585859000808557e-03	1.1484835836926981e-02	9.9999700000899981e-07	2.7115269065192149e-01	9.9999700000899981e-07	1.1111273788540234e-01	6.0138814973466836e-01	9.9999700000899981e-07
1.7016065359720201e-03	9.9999400003599954e-07	9.9999400003599954e-07	9.9999400003599954e-07	9.9999400003599954e-07	9.9999400003599954e-07	9.9829239350002785e-01	9.9999400003599954e-07
9.9999400003599975e-07	6.3958608551825387e-04	9.9999400003599975e-07	9.9999400003599975e-07	9.9999400003599975e-07	9.9999400003599975e-07	9.9935441395048163e-01	9.9999400003599975e-07
9.9999400003599996e-07	9.9999400003599996e-07	9.9999400003599996e-07	9.9999400003599996e-07	1.2131281884989627e-03	9.9999400003599996e-07	9.9878087184750086e-01	9.9999400003599996e-07
9.9999400003599975e-07	9.9999400003599975e-07	9.9999400003599975e-07	9.9999400003599975e-07	9.9999400003599975e-07	9.9999400003599975e-07	9.9999300004199976e-01	9.9999400003599975e-07
9.9999400003599869e-07	9.9999400003599869e-07	9.9999400003599869e-07	9.9999400003599869e-07	9.9999400003599869e-07	3.4969132061173330e-02	9.6502486797482645e-01	9.9999400003599869e-07
6.7682609746785671e-01	6.1707703188260800e-03	2.9236607748349053e-01	2.3947959958827755e-02	9.9999700000899981e-07	9.9999700000899981e-07	9.9999700000899981e-07	6.8609477999878143e-04
5.3599561005645169e-01	3.9205673771485674e-03	2.3314561755806712e-01	2.6266488706072101e-02	5.4435398032241185e-02	1.7066414699451267e-03	3.0548154531784558e-02	1.1398152226828966e-01
7.6830217872882123e-01	2.1093480054686204e-03	2.2958347329071055e-01	9.9999500002500021e-07	9.9999500002500021e-07	9.9999500002500021e-07	9.9999500002500021e-07	9.9999500002500021e-07
9.0032471183538210e-01	1.2221573912283219e-02	5.2782649775834502e-02	9.9999700000899981e-07	1.7471559981591993e-02	9.9999700000899981e-07	1.7196504503908073e-02	9.9999700000899981e-07
9.2957038815852133e-01	1.3757958559635445e-02	9.9999700000899981e-07	3.9358477427298574e-02	9.9999700000899981e-07	1.1702504669553920e-02	5.6076711939907096e-03	9.9999700000899981e-07
7.6542857728822289e-01	9.9999400003599996e-07	2.3456542274777717e-01	9.9999400003599996e-07	9.9999400003599996e-07	9.9999400003599996e-07	9.9999400003599996e-07	9.9999400003599996e-07
5.8408711829645754e-01	9.9999900000100027e-07	7.8366443680891684e-02	3.4446257891989859e-03	1.0766712496094545e-01	3.1003688008773820e-02	4.6297377638464081e-02	1.4913262162626850e-01
5.8830409862146937e-01	2.4565076092949525e-02	6.0696049122675885e-02	9.9999900000099985e-07	1.2838210133983510e-01	4.6416907419540888e-02	7.4495937244858741e-03	1.4418517368004333e-01
9.5932113939236807e-01	4.0672860643632021e-02	9.9999400003599975e-07	9.9999400003599975e-07	9.9999400003599975e-07	9.9999400003599975e-07	9.9999400003599975e-07	9.9999400003599975e-07
8.4310824465786760e-01	9.9999500002499978e-07	1.2155124709127522e-01	9.9999500002499978e-07	9.9999500002499978e-07	9.9999500002499978e-07	9.9999500002499978e-07	3.5335508275857047e-02
5.0325269123859240e-01	2.2765234439935944e-02	3.9509442254955687e-02	9.9999900000099985e-07	1.2681304100806781e-01	1.7671248830962199e-02	4.4467728153760721e-03	2.8554056941310973e-01
9.9355536865310967e-01	9.9999400003599954e-07	6.4386313828904774e-03	9.9999400003599954e-07	9.9999400003599954e-07	9.9999400003599954e-07	9.9999400003599954e-07	9.9999400003599954e-07
2.2452073131364025e-01	9.9999600001599987e-07	6.2342159695848809e-01	9.9999600001599987e-07	8.1983904873684454e-02	9.9999600001599987e-07	9.9999600001599987e-07	7.0069766870187025e-02
6.6778687981134366e-01	1.4706173092407282e-04	7.9934096696131218e-02	5.4584307486892122e-02	5.7458017232870431e-02	2.3113136156033991e-02	3.8330160339918062e-04	1.1659319928240554e-01
6.3883425466312294e-01	9.9999800000400001e-07	1.9377902034527836e-01	9.9999800000400001e-07	4.0803025480078886e-02	1.6623690593951662e-02	7.4853568220973540e-03	1.0247265209947082e-01
9.9145220081439733e-01	9.9999400003599911e-07	9.9999400003599911e-07	8.5417992216028291e-03	9.9999400003599911e-07	9.9999400003599911e-07	9.9999400003599911e-07	9.9999400003599911e-07
4.8634682579315247e-01	9.9999800000400001e-07	2.6012854149128634e-01	2.8806979813338850e-03	1.9026462625955401e-01	8.1031499536414031e-04	9.9999800000400001e-07	5.9566993483309030e-02
8.1087153874367779e-01	9.9999600001600008e-07	1.3941257883344543e-01	3.6080119138854109e-03	9.9999600001600008e-07	9.9999600001600008e-07	9.9999600001600008e-07	4.6103870524991319e-02
8.2026183453527646e-01	4.1393137140838922e-03	1.5791537893445132e-01	9.9999600001599987e-07	9.9999600001599987e-07	9.9999600001599987e-07	9.9999600001599987e-07	1.7679472832188178e-02
9.3161820881877111e-01	2.3643392066532722e-03	6.6012451999575908e-02	9.9999500002499936e-07	9.9999500002499936e-07	9.9999500002499936e-07	9.9999500002499936e-07	9.9999500002499936e-07
7.1850445848138789e-01	9.9999700000900023e-07	2.4836990624297314e-01	9.9999700000900023e-07	9.9999700000900023e-07	1.7387185107101619e-02	1.2350063107038505e-03	1.4500443866833416e-02
4.3240290403866977e-01	2.2030879174942414e-02	4.0565856926942229e-01	9.9999700000900002e-07	1.0741401846602114e-01	9.9999700000900002e-07	9.9999700000900002e-07	3.2490629059944383e-02
6.5238536339710684e-01	1.5123401148218111e-02	1.3395493121429911e-01	9.9999700000900002e-07	4.7709289292732736e-02	9.9999700000900002e-07	9.9999700000900002e-07	1.5082401495664299e-01
6.1126785929394145e-01	9.9999700000899981e-07	1.1725913408472494e-01	9.9999700000899981e-07	2.0943615150701270e-01	8.1015704212284260e-03	9.9999700000899981e-07	5.3932284702092291e-02
9.9999400003599996e-07	9.9999400003599996e-07	9.9999400003599996e-07	9.9999400003599996e-07	9.4994007611786913e-01	5.0053923918130794e-02	9.9999400003599996e-07	9.9999400003599996e-07
2.4760065577043247e-01	1.4898719316188587e-02	1.0795908817499870e-01	5.6696792995845888e-02	4.6428406357218233e-01	6.5214094633800845e-02	4.3345585537551239e-02	9.9999900000100006e-07
2.1506827991171809e-01	9.9999900000100006e-07	3.0840259582842267e-01	1.1696649110968114e-01	2.8439024957765191e-01	8.4305973054630383e-03	3.4921220063909443e-02	3.1819566204153674e-02
3.5698460248877101e-02	9.9999900000099964e-07	1.2954978807796438e-01	2.0764192559261348e-03	5.7298573627381566e-01	9.5651341209810212e-02	4.4005915201004379e-02	1.2003133973360196e-01
2.7468127687841465e-01	9.9999700000900002e-07	9.9999700000900002e-07	9.9999700000900002e-07	6.6624742901800249e-01	3.8518067635527294e-02	1.5090053179617285e-02	5.4601732974382793e-03
1.2065071886009422e-01	8.6515220430288427e-03	2.2697933958604988e-01	7.4203464137675951e-02	4.3920985871177420e-01	4.0710678885063738e-02	9.9999900000100006e-07	8.9593417777313195e-02
9.9999900000100006e-07	1.4925773935658141e-02	1.6911837575253558e-01	1.0502147989245551e-01	4.4886591654810692e-01	2.6186616637688127e-02	8.0814475993956053e-02	1.5506636124059969e-01
9.3958171345954994e-02	1.2266645230792962e-02	9.9999900000099964e-07	1.1478055492307053e-01	4.8651031735046890e-01	9.0231914758666112e-02	4.2664531681193871e-02	1.5958686471085259e-01
1.9735960849029813e-01	9.9999800000400022e-07	2.7645745229181628e-02	2.3422488183114640e-02	7.0894166116964175e-01	3.1699828502976431e-02	1.0928668428787371e-02	9.9999800000400022e-07
9.9999700000899981e-07	9.9999700000899981e-07	9.9999700000899981e-07	1.4797765972418986e-01	6.2158480210491951e-01	8.2592085558170034e-02	7.9171288767148296e-02	6.8671163854572281e-02
6.0352343084958082e-01	1.9343427611008938e-02	1.4141521791055350e-01	7.3902919566639358e-02	9.9999700000900002e-07	9.9999700000900002e-07	9.9999700000900002e-07	1.6181200407121740e-01
8.1924975382717447e-01	2.0894808404343480e-02	4.6430326153347079e-02	9.9999900000100006e-07	5.3275635936578233e-02	1.6743094759780162e-02	9.7916132041754502e-03	3.3613767715601123e-02
5.0488802847702863e-01	9.9999600001599987e-07	4.4278515700267157e-01	9.9999600001599987e-07	2.5782773956831984e-02	9.9999600001599987e-07	9.9999600001599987e-07	2.6540040579467468e-02
6.7781115308053119e-01	9.9999500002499957e-07	2.3787133921621875e-01	9.9999500002499957e-07	8.4312507728250149e-02	9.9999500002499957e-07	9.9999500002499957e-07	9.9999500002499957e-07
6.2228048456675134e-01	8.4541009133923036e-03	2.0785457000379456e-01	1.8912933263418450e-02	8.9268861253295098e-02	6.5593259525150351e-03	2.4916672881833506e-02	2.1753051164999648e-02
8.6618320355710654e-01	4.6031086579967836e-03	6.1123944679356126e-02	4.7535458993397360e-02	9.9999700000899939e-07	9.9999700000899939e-07	2.0551284121143272e-02	9.9999700000899939e-07
5.5145189542923212e-01	1.7260556850091077e-02	3.2439660411931012e-02	9.9999900000099985e-07	1.5947893439046626e-01	7.6463908351047841e-02	4.7413780711851289e-02	1.1549026385638037e-01
7.9060509867798501e-01	1.8243767308847821e-03	9.9999700000899981e-07	9.9999700000899981e-07	9.9999700000899981e-07	6.7093277184119920e-02	9.1812026646341440e-03	1.3129304475137610e-01
7.7629674173001018e-01	5.3082750516070720e-04	9.9999800000400001e-07	9.9999800000400001e-07	5.6574620881071139e-02	6.3682345991828065e-02	2.1897996051113998e-02	8.1015467844815753e-02
8.8000809273524228e-01	3.6500377371453899e-03	4.9890280058435738e-02	9.9999700000900002e-07	9.9999700000900002e-07	3.8156505588921773e-02	2.8292083889254815e-02	9.9999700000900002e-07
9.0383716225965427e-01	9.9999600001600008e-07	9.9999600001600008e-07	3.0034130735414380e-03	9.9999600001600008e-07	6.1845348956910658e-03	9.9999600001600008e-07	8.6970889787112995e-02
6.0995360544393296e-01	1.4837201487893413e-02	2.1280227090218701e-01	9.9999700000900023e-07	1.0650075048223587e-01	9.9999700000900023e-07	9.9999700000900023e-07	5.5903171692750692e-02
2.2275345382713466e-01	9.9999900000099964e-07	6.7983762437890422e-02	6.3664358269902160e-03	1.9029470244026535e-02	2.7057443337919797e-02	5.0504057106219614e-03	6.5175802861641641e-01
2.2180154749568512e-01	9.9999700000900044e-07	1.9503636280253947e-01	9.9999700000900044e-07	9.0512293192695159e-02	9.9999700000900044e-07	5.1608467197870322e-03	4.8748594979829335e-01
5.1128414260423097e-02	9.0981825837854451e-03	1.8416492619638533e-01	1.2664633875970610e-01	4.7840243878038297e-01	9.4021351766067698e-02	3.7120325302592862e-03	5.2826315122990027e-02
9.9999700000900023e-07	1.5601080182538670e-02	1.8561639723058693e-01	9.9999700000900023e-07	7.2283335656494174e-01	2.2968649324632426e-02	5.2977516706300347e-02	9.9999700000900023e-07
2.3455695517222111e-02	9.1145034286031386e-03	1.9313427878173911e-01	6.1141493198853571e-02	6.8984160961261376e-01	9.5639874432367298e-03	9.1099250252096135e-03	4.6385069925218994e-03
9.9999400003599932e-07	9.9999400003599932e-07	3.0340566590140322e-01	9.9999400003599932e-07	6.9658833413459675e-01	9.9999400003599932e-07	9.9999400003599932e-07	9.9999400003599932e-07
9.9999800000400022e-07	9.9184127039575985e-03	1.0685864490931360e-01	3.3429506772279710e-02	7.6207235663478834e-01	5.0623149752056659e-02	3.7095929231604256e-02	9.9999800000400022e-07
1.8616659919528374e-02	2.3447159937477549e-02	7.7918481700169351e-02	7.6420426945332326e-02	6.0755299363751047e-01	6.2078744851895226e-02	2.5891519765071071e-02	1.0807401324301562e-01
9.9999600001600030e-07	9.3358370509100119e-03	9.9999600001600030e-07	9.9999600001600030e-07	9.3286004400447997e-01	4.1006753038211080e-02	9.9999600001600030e-07	1.6793365922398988e-02
8.3331453381900580e-02	9.9999800000400001e-07	9.9999800000400001e-07	2.7269608800280787e-02	6.0639949905629531e-01	9.4004803272193488e-02	3.8704629070044516e-02	1.5028800642328524e-01
9.9999700000900023e-07	9.9999700000900023e-07	5.2746673659423537e-02	1.0464317854147032e-01	7.5938374089681082e-01	3.4606967842706525e-02	4.8616439068588875e-02	9.9999700000900023e-07
9.9999400003599954e-07	9.9999400003599954e-07	9.9999400003599954e-07	9.9999400003599954e-07	9.5210650597357205e-01	9.9999400003599954e-07	4.7887494062427816e-02	9.9999400003599954e-07
9.9999800000400022e-07	1.9713265218375475e-02	9.4264959103782422e-02	3.2031255934261982e-02	8.0708107706973131e-01	3.1558138045773919e-02	1.5349304632074999e-02	9.9999800000400022e-07
7.7612880866928602e-03	1.2296837446331780e-02	2.7948346827142234e-01	1.3778756971429258e-02	5.4867190228862872e-01	6.1942555011699985e-02	1.8843249246748527e-02	5.7221942677046569e-02
7.7204715639243870e-01	1.5584878784629169e-02	5.9556237193467206e-02	1.9621279147194595e-02	5.8731309005240685e-02	9.9999900000100027e-07	3.9444265981825467e-02	3.5013873496204148e-02
9.5149158568278525e-01	1.5723945920695956e-04	9.9999600001599987e-07	4.0349591273425724e-02	9.9999600001599987e-07	9.9999600001599987e-07	9.9999600001599987e-07	7.9975836005819131e-03
9.3044178258924803e-01	9.9999500002499999e-07	9.9999500002499999e-07	9.9999500002499999e-07	9.9999500002499999e-07	2.3838055982850416e-02	9.9999500002499999e-07	4.5715161452901228e-02
5.4026821947002901e-01	2.0353348578325894e-03	3.1685688371777060e-01	9.9999700000900023e-07	1.0806659466907137e-01	9.9999700000900023e-07	9.9999700000900023e-07	3.2769967294296404e-02
6.4335337953171079e-01	9.9999700000900002e-07	2.5894225132062931e-01	9.9999700000900002e-07	3.0658032980587759e-02	9.9999700000900002e-07	1.5424799892494472e-02	5.1618536283577557e-02
6.3219798651212533e-01	2.8839332537273108e-03	1.2068507181602132e-01	9.9999800000400001e-07	1.7422050639177977e-01	2.3903911680092670e-02	9.9999800000400001e-07	4.6106590350253593e-02
5.2337870113921958e-01	1.1526637552880283e-02	2.6672925745144932e-01	9.9999700000899960e-07	1.2562821666668100e-01	9.9999700000899960e-07	9.9999700000899960e-07	7.2734187198769742e-02
9.9999900000100027e-07	2.1488665525424704e-02	1.4019235134356300e-01	6.1333355691983928e-02	3.4877666178401878e-01	6.7894150352705976e-02	1.7717009247856300e-02	3.4259680605544740e-01
2.0635488127167648e-01	9.9999800000400022e-07	7.9731378919065315e-02	1.8144233631776063e-01	3.9778822156910559e-01	5.6501063925665916e-02	7.8180118000726204e-02	9.9999800000400022e-07
9.9999800000399980e-07	1.6160654214185208e-02	2.4793653298437049e-01	9.9999800000399980e-07	6.3893553090911948e-01	1.4406241882457918e-02	4.3956290234703321e-02	3.8602749779163711e-02
9.9999900000099985e-07	1.4155343269438251e-03	7.9402834892555729e-02	1.6421679845755843e-01	6.2739804996428317e-01	4.2578988261791836e-02	7.5626970858251152e-02	9.3598232396158547e-03
9.9999600001600008e-07	6.6719900711989261e-03	9.9999600001600008e-07	9.9999600001600008e-07	9.3339410197033579e-01	5.5101075283046905e-02	4.8288326914185152e-03	9.9999600001600008e-07
6.6143680000543228e-02	1.3036898761500784e-02	2.8444476225443777e-01	3.3178050792845318e-02	5.8490097243796357e-01	1.8293635756709555e-02	9.9999800000399980e-07	9.9999800000399980e-07
9.9999400003599975e-07	9.9999400003599975e-07	2.0195051714140808e-01	9.9999400003599975e-07	7.9804348289459193e-01	9.9999400003599975e-07	9.9999400003599975e-07	9.9999400003599975e-07
9.9999700000899981e-07	1.6175582826853264e-02	5.3417475967114901e-02	9.9999700000899981e-07	8.4834029932171529e-01	6.6575968049053066e-02	1.5487673844263463e-02	9.9999700000899981e-07
8.2426330526959565e-02	3.0100713893598243e-03	1.5888076558444833e-01	5.5903147723058710e-02	6.5787630724957868e-01	4.1901377530594953e-02	9.9999800000400022e-07	9.9999800000400022e-07
9.9999800000400001e-07	9.9999800000400001e-07	2.0412351895351894e-03	1.1713224390796498e-01	6.6195180148458699e-01	2.1979737101612176e-02	4.9631804453019554e-02	1.4726117786728116e-01
6.7837890914679594e-02	1.0093472178077961e-02	1.0984812879447707e-01	7.5327661104350685e-02	6.2279331504090696e-01	1.0306648421051020e-02	3.5259297940171158e-02	6.8533585606285558e-02
9.9999700000899981e-07	9.9999700000899981e-07	9.9999700000899981e-07	2.0322732494101406e-01	4.7255607760718410e-01	1.3828199448355147e-01	8.4246155740916887e-02	1.0168544723633337e-01
9.9999700000900002e-07	9.9999700000900002e-07	6.0474492718877115e-02	4.9615239045848678e-02	8.0264594343025120e-01	6.4654616733125669e-02	2.2606708080897424e-02	9.9999700000900002e-07
7.0458955846387020e-02	1.6881109719181029e-02	1.3548475003175285e-02	7.8442125498649623e-02	6.9055918291112073e-01	3.5631208971171356e-02	3.3317647484388285e-02	6.1161294565926776e-02
6.8890592507305379e-02	2.7864969188158326e-02	2.6450525997966934e-01	9.9999700000900044e-07	6.1215345419171541e-01	9.9999700000900044e-07	9.9999700000900044e-07	2.6582724142151650e-02
7.6290304563656075e-01	1.2433126865460841e-02	4.5610468017253054e-02	4.8627277066604767e-02	3.6494261253185591e-02	9.9999900000099985e-07	1.6773540280922209e-02	7.7157280881012910e-02
6.3207050672348952e-01	2.7258533052715084e-02	9.0002944502283744e-02	9.9999900000100006e-07	9.4855942967017770e-02	3.1875510374322438e-03	1.6491888517453531e-02	1.3613163320060787e-01
6.4607624235006511e-01	1.2693675481558902e-02	9.7931121130489393e-02	8.6312610005923537e-02	1.1769305810951805e-02	2.6164770469332466e-02	1.3121154769485451e-02	1.0593111998219344e-01
7.8457558983350317e-01	9.9999800000400001e-07	3.0223021889599012e-02	7.9301147262106075e-02	9.9999800000400001e-07	4.8800535651014124e-03	1.0839628445750173e-02	9.0178559007940251e-02
6.1226186701452179e-01	6.2486775298307316e-03	8.6565576856978424e-02	5.6747745978480611e-02	1.1383249838124092e-01	3.7345831985353649e-03	9.4413015497871768e-03	1.1116774949062494e-01
1.2714144527341567e-01	2.6808076833691848e-02	1.1805674086873093e-01	1.2652577389941266e-01	4.1327993123862666e-01	1.3525805055024989e-01	5.2928981336872266e-02	9.9999900000099985e-07
9.9999600001599987e-07	9.9999600001599987e-07	9.9999600001599987e-07	1.0359460375925601e-01	7.6689002824233321e-01	8.9285470022323898e-02	4.0225897992086944e-02	9.9999600001599987e-07
1.6231025953055821e-02	6.4281221604005657e-03	7.5625534447808548e-02	2.2483469582487675e-01	5.8872096319364664e-01	6.3486068582456909e-02	1.1292406994249968e-02	1.3381182843504848e-02
6.6896285924787524e-02	4.9052978852277170e-03	1.0973540346048385e-01	8.2580394760077586e-02	5.1130764328853573e-01	1.1017273035221219e-01	9.1349479921176868e-02	2.3052764407498472e-02
9.9999900000100027e-07	1.6406304956213966e-02	2.2825179622041239e-01	1.3503424927667387e-01	1.8409843916781099e-01	7.2718722566222110e-02	9.6690181887240365e-02	2.6679930592642637e-01
9.9999400003599975e-07	1.2632736126403700e-02	9.9999400003599975e-07	9.9999400003599975e-07	9.8736126390959644e-01	9.9999400003599975e-07	9.9999400003599975e-07	9.9999400003599975e-07
9.9999400003599975e-07	9.9999400003599975e-07	3.5851929423298162e-01	9.9999400003599975e-07	6.4147470580301835e-01	9.9999400003599975e-07	9.9999400003599975e-07	9.9999400003599975e-07
8.6356857689197805e-02	1.4269078540144111e-02	2.7952664931412285e-01	9.9999800000400022e-07	4.7041308694172901e-01	1.6630962322521606e-02	9.9999800000400022e-07	1.3280136519628460e-01
9.9999400003599954e-07	9.9999400003599954e-07	4.0227746643772572e-01	9.9999400003599954e-07	5.9771653359827426e-01	9.9999400003599954e-07	9.9999400003599954e-07	9.9999400003599954e-07
9.9999700000900002e-07	9.9999700000900002e-07	9.9999700000900002e-07	1.2873361870599614e-01	6.2297006535357213e-01	1.6704471949258795e-01	2.0740190553510608e-03	7.9174577401492766e-02
1.0593780245329179e-01	1.4789122368345897e-03	6.5072245639170967e-02	1.7913442873244512e-01	4.5441618285291951e-01	6.0393722517434405e-02	5.0579675993088907e-02	8.2987029574814797e-02
9.9999700000899981e-07	1.2307131594561527e-03	9.9999700000899981e-07	9.9999700000899981e-07	8.2148099502112304e-01	1.1477275984799834e-01	4.2184338781510920e-02	2.0328193198911517e-02
2.6013817418466937e-03	9.9999900000099985e-07	5.1677922088324696e-02	1.2450616308371661e-01	5.2450155377599406e-01	6.9141910687373825e-02	2.9009300106172285e-02	1.9856076851757198e-01
9.9999700000899981e-07	9.9999700000899981e-07	7.8374146196560163e-02	2.1854318383309626e-01	2.4726233227998301e-01	3.6350363983192446e-01	9.2313697867436192e-02	9.9999700000899981e-07
3.9905571869618343e-02	5.3216680091614094e-03	1.3200986169620543e-01	1.9029943036828360e-02	2.2266209596947886e-01	5.7507290596387639e-01	5.9969534558310892e-03	9.9999900000100006e-07
9.9999700000900002e-07	1.0269169555927564e-02	9.9999700000900002e-07	6.8253910395025305e-02	4.6736578365556718e-02	8.1578414958387591e-01	5.8953192108614688e-02	9.9999700000900002e-07
9.1509900443665193e-02	6.1697465301922150e-03	1.6978046597795737e-01	2.0058709449855550e-01	1.0958452498391380e-01	3.7291562208873741e-01	4.9451645477978722e-02	9.9999900000100006e-07
1.5271487229022149e-01	7.4690024513540164e-03	6.1477258528535979e-02	1.1991185759521208e-01	1.5095726976601817e-01	3.4091008070010087e-01	6.3268240620846156e-02	1.0329141804771121e-01
2.6824997443648493e-02	8.4444730676305878e-03	6.2831428717030846e-02	1.1022118868425528e-01	2.9736069102038985e-02	7.2430837346413435e-01	2.7852627585276176e-02	9.7808419359854421e-03
3.7727223735937038e-02	1.0425395585485381e-02	2.5689187901076948e-02	4.6929508035569202e-02	1.9871399406764939e-01	6.7258130924018855e-01	7.9323814350934461e-03	9.9999900000099964e-07
8.5618873342746732e-02	3.5784286981291875e-03	1.1950183234613815e-01	1.4430344935093542e-01	2.0588561721602894e-02	4.7771385261432070e-01	1.4869400192712698e-01	9.9999900000100006e-07
9.9999500002499957e-07	9.9999500002499957e-07	9.9999500002499957e-07	8.8448910080439966e-02	9.9999500002499957e-07	8.0760597181054028e-01	1.0394011813401968e-01	9.9999500002499957e-07
9.9999700000900002e-07	9.9999700000900002e-07	4.4093807819562536e-04	2.2011662085522479e-01	3.0263084358194914e-02	6.4913448630055592e-01	1.0004187041682894e-01	9.9999700000900002e-07
9.9999500002500021e-07	9.9999500002500021e-07	9.9999500002500021e-07	1.5000760438896649e-01	9.9999500002500021e-07	6.5719590490876401e-01	1.9279149072726959e-01	9.9999500002500021e-07
2.0375605046481553e-02	6.9404102720142056e-03	1.5366881438511965e-01	1.4588535203280162e-01	5.0533668218200010e-02	5.7832706490845498e-01	4.4268085137927966e-02	9.9999900000099985e-07
9.9999800000400022e-07	5.8583522269316166e-03	1.0947889353060786e-01	2.0580781500589135e-01	1.7741167102085596e-02	5.5202247764404155e-01	1.0908929449444209e-01	9.9999800000400022e-07
1.2095286440164678e-01	9.3788081692846199e-03	1.2653238842764996e-02	2.7417038982609387e-01	2.5866347846014998e-01	2.1961914397145049e-01	1.0456107632960941e-01	9.9999900000099985e-07
4.7636151777196267e-02	1.1624144481101250e-02	9.9999900000100006e-07	1.8688630137020035e-01	1.0378220919196872e-01	4.3416281419115094e-01	5.3047472435399833e-02	1.6285990655398269e-01
9.9999800000400001e-07	4.8543238104017386e-03	9.9999800000400001e-07	2.6021459782100187e-01	8.0029855047711831e-02	3.8320903703460446e-01	2.2876828009558323e-01	4.2921906194696983e-02
9.9999600001599987e-07	9.9999600001599987e-07	9.9999600001599987e-07	1.9198843751268019e-01	8.9595783239138915e-02	6.8761784517754998e-01	3.0793934086630864e-02	9.9999600001599987e-07
9.9999500002499957e-07	3.1627898987962941e-04	9.9999500002499957e-07	9.9999500002499957e-07	9.9999500002499957e-07	9.9446430087835958e-01	5.2144201567608543e-03	9.9999500002499957e-07
1.1867335556025294e-01	6.8584610794084257e-03	7.8471633179346301e-02	1.4195979279879609e-01	2.0733713998906667e-01	3.9857696405655585e-01	4.8121653337573740e-02	9.9999900000100006e-07
1.5425306676500936e-01	8.3841128831993305e-03	8.7658174032826802e-02	1.1878017761265995e-01	5.5995113957691273e-02	3.6074596891973021e-01	6.9850946925953256e-02	1.4433243890292974e-01
8.1708335111897498e-02	9.6857713707929304e-03	7.8001342809547680e-02	1.0351037005732273e-01	9.9999900000100006e-07	6.4424686229400818e-01	5.5745745325355617e-02	2.7100573032075286e-02
1.2634783515473749e-01	8.4840952121891260e-04	1.6397066843215652e-01	5.9481452867646877e-03	8.2200962295557692e-02	5.6696326760267091e-01	5.3719711707893969e-02	9.9999900000099985e-07
1.0498071849044063e-01	9.9999700000900002e-07	1.3142081665177737e-02	1.7446358522956665e-01	9.1249081053003847e-02	6.1616153357081127e-01	9.9999700000900002e-07	9.9999700000900002e-07
5.5029912199165351e-02	4.1144225028677817e-02	6.6993587941560670e-02	2.2224239006298549e-01	9.1637371538997564e-02	4.9095750290197487e-01	2.1124707265626711e-02	1.0870303061011584e-02
9.9999700000900002e-07	9.9999700000900002e-07	1.1721152193243420e-01	1.4500550939229956e-01	1.0986246878257934e-01	6.1561993775657775e-01	1.2297562145109239e-02	9.9999700000900002e-07
8.8540420890339394e-02	9.9999800000400001e-07	1.8070715886315741e-01	1.1251030010737567e-01	3.6872231353802007e-02	5.5960163689361553e-01	2.1766251895710090e-02	9.9999800000400001e-07
9.9999700000900023e-07	5.6477630232170759e-03	4.7622360838605271e-02	2.1692476100798017e-01	9.9999700000900023e-07	5.8785355156768881e-01	1.4194856357150876e-01	9.9999700000900023e-07
9.9999800000400044e-07	3.0315071547305852e-02	4.6043537150946817e-03	3.6127925265720545e-01	1.3968374197471540e-02	5.1804225533147841e-01	7.1788692555444358e-02	9.9999800000400044e-07
7.2448484534275428e-03	5.2506671318841604e-03	1.3124720376585888e-01	1.3079443557518422e-01	2.0148387443280017e-02	6.9907382627549075e-01	9.9999900000100027e-07	6.2396313558744339e-03
9.6666589511428536e-02	9.9999700000900002e-07	9.9999700000900002e-07	2.3972513545913171e-01	5.4424668758359114e-02	5.1916407851950630e-01	9.0016527760574463e-02	9.9999700000900002e-07
1.4238892999976724e-01	4.9980310204571611e-03	1.6734353996708448e-01	1.0917148449538452e-01	4.2447948507840054e-02	5.2570312522353080e-01	7.9459407869358276e-03	9.9999900000099985e-07
9.9999700000900002e-07	1.4384280548006181e-02	9.9999700000900002e-07	2.0121103619951228e-01	9.1329609904325666e-03	6.3195036239427882e-01	1.4331835987677033e-01	9.9999700000900002e-07
9.9999700000900002e-07	9.5181864037458888e-03	6.6418483416638016e-02	1.8574935275757171e-01	9.9999700000900002e-07	7.0796001349101312e-01	3.0350963940031440e-02	9.9999700000900002e-07
9.9999700000899981e-07	9.9999700000899981e-07	2.3853585681166468e-03	1.5549611193003030e-01	2.1286472572995527e-02	7.3515943582663468e-01	8.5669621111222991e-02	9.9999700000899981e-07
6.0313406901187326e-03	9.9999900000100027e-07	1.3797105492884193e-01	1.6592346871342920e-01	2.0556538959872003e-01	4.0818624254272223e-01	6.9930520053374190e-02	6.3909834737936582e-03
1.2080171774997027e-01	9.9999800000400001e-07	2.5032338594134168e-01	5.5188581217903453e-02	1.0464420946147281e-01	4.6619303035552867e-01	2.8470752777831863e-03	9.9999800000400001e-07
9.9999800000400001e-07	1.2124461258714258e-02	5.5095287862476763e-02	1.4047089498077334e-01	1.1658652963859133e-01	5.8460659170570872e-01	9.1114234557735596e-02	9.9999800000400001e-07
9.9999700000900044e-07	5.0107652154818272e-03	4.5026599045861891e-02	7.6470271847727533e-02	9.9999700000900044e-07	8.3574397188003113e-01	3.7745392019897718e-02	9.9999700000900044e-07
9.9999500002499999e-07	9.9999500002499999e-07	9.9999500002499999e-07	1.6294724584653456e-01	9.9999500002499999e-07	8.2154522247392836e-01	1.5502531704537088e-02	9.9999500002499999e-07
9.9999400003599996e-07	9.9999400003599996e-07	9.9999400003599996e-07	9.9999400003599996e-07	9.9999400003599996e-07	9.3936733455641230e-01	6.0626665479587602e-02	9.9999400003599996e-07
3.5599595295298860e-02	9.9999900000099985e-07	1.0639653128734743e-01	1.2503203317105199e-01	5.8319726666059783e-03	4.4764200696686268e-01	3.7317678133203074e-02	2.4217918248062986e-01
9.9999700000900002e-07	9.9999700000900002e-07	1.6036281462100427e-02	5.3065642435919678e-02	4.6109305174717070e-02	8.1164331961246494e-01	7.3142451323798069e-02	9.9999700000900002e-07
9.9999700000899960e-07	9.9999700000899960e-07	2.0839280619438513e-01	2.0478924829972181e-01	9.3359487514016959e-02	3.3442887765075308e-01	1.5902658035012313e-01	9.9999700000899960e-07
9.9999700000900023e-07	6.7171362588069978e-03	9.9999700000900023e-07	2.2329641383171470e-01	7.5032988173604279e-02	5.7466874132122525e-01	1.2028172042364897e-01	9.9999700000900023e-07
5.3310318938215036e-02	9.9999700000899981e-07	1.1564526299404579e-01	2.3602901590594205e-01	9.9999700000899981e-07	4.7898982021337189e-01	1.1602258195742536e-01	9.9999700000899981e-07
2.0769094923910759e-02	2.0481107730160025e-02	1.3413347298181746e-01	2.4272908176122052e-01	2.9459568787898304e-02	5.4983047501630988e-01	2.5961987996830443e-03	9.9999900000099985e-07
9.9999500002499999e-07	9.9999500002499999e-07	9.9999500002499999e-07	9.9999500002499999e-07	3.1084518522007179e-02	9.5634260022381412e-01	1.2567881279178668e-02	9.9999500002499999e-07
9.9999700000900002e-07	5.4273242098835835e-03	9.7422954202812703e-02	6.1153176113116846e-02	2.9111566325355987e-02	8.0688197915783122e-01	9.9999700000900002e-07	9.9999700000900002e-07
9.9999700000900044e-07	9.9999700000900044e-07	6.7426009190360750e-02	2.4666313339331111e-01	5.1911093628466021e-02	5.6538577966824632e-01	6.8610984128615923e-02	9.9999700000900044e-07
1.5470174633845793e-01	9.9999900000100006e-07	1.0300354576805656e-01	2.3347385463557485e-01	1.4084482488033573e-01	2.6106854570030907e-01	8.0185524744337544e-02	2.6720957933928351e-02
9.9999400003599975e-07	1.0392016767790261e-02	9.8960198326820981e-01	9.9999400003599975e-07	9.9999400003599975e-07	9.9999400003599975e-07	9.9999400003599975e-07	9.9999400003599975e-07
9.9999400003600017e-07	9.9999400003600017e-07	9.9999300004200020e-01	9.9999400003600017e-07	9.9999400003600017e-07	9.9999400003600017e-07	9.9999400003600017e-07	9.9999400003600017e-07
9.9999400003599932e-07	9.2225788820714284e-03	9.9077142115392869e-01	9.9999400003599932e-07	9.9999400003599932e-07	9.9999400003599932e-07	9.9999400003599932e-07	9.9999400003599932e-07
9.9999400003600017e-07	9.9999400003600017e-07	9.9999300004200020e-01	9.9999400003600017e-07	9.9999400003600017e-07	9.9999400003600017e-07	9.9999400003600017e-07	9.9999400003600017e-07
9.9999400003600017e-07	9.9999400003600017e-07	9.9999300004200020e-01	9.9999400003600017e-07	9.9999400003600017e-07	9.9999400003600017e-07	9.9999400003600017e-07	9.9999400003600017e-07
9.9999400003600017e-07	9.9999400003600017e-07	9.9999300004200020e-01	9.9999400003600017e-07	9.9999400003600017e-07	9.9999400003600017e-07	9.9999400003600017e-07	9.9999400003600017e-07
9.9999400003600017e-07	9.9999400003600017e-07	9.9999300004200020e-01	9.9999400003600017e-07	9.9999400003600017e-07	9.9999400003600017e-07	9.9999400003600017e-07	9.9999400003600017e-07
9.9999400003600017e-07	9.9999400003600017e-07	9.9999300004200020e-01	9.9999400003600017e-07	9.9999400003600017e-07	9.9999400003600017e-07	9.9999400003600017e-07	9.9999400003600017e-07
9.9999400003600017e-07	9.9999400003600017e-07	9.9999300004200020e-01	9.9999400003600017e-07	9.9999400003600017e-07	9.9999400003600017e-07	9.9999400003600017e-07	9.9999400003600017e-07
9.9999400003600017e-07	9.9999400003600017e-07	9.9999300004200020e-01	9.9999400003600017e-07	9.9999400003600017e-07	9.9999400003600017e-07	9.9999400003600017e-07	9.9999400003600017e-07
9.9999400003600017e-07	9.9999400003600017e-07	9.9999300004200020e-01	9.9999400003600017e-07	9.9999400003600017e-07	9.9999400003600017e-07	9.9999400003600017e-07	9.9999400003600017e-07
9.9999400003600017e-07	9.9999400003600017e-07	9.9999300004200020e-01	9.9999400003600017e-07	9.9999400003600017e-07	9.9999400003600017e-07	9.9999400003600017e-07	9.9999400003600017e-07
9.9999400003600017e-07	9.9999400003600017e-07	9.9999300004200020e-01	9.9999400003600017e-07	9.9999400003600017e-07	9.9999400003600017e-07	9.9999400003600017e-07	9.9999400003600017e-07
9.9999400003600017e-07	9.9999400003600017e-07	9.9999300004200020e-01	9.9999400003600017e-07	9.9999400003600017e-07	9.9999400003600017e-07	9.9999400003600017e-07	9.9999400003600017e-07
9.9999400003600017e-07	9.9999400003600017e-07	9.9999300004200020e-01	9.9999400003600017e-07	9.9999400003600017e-07	9.9999400003600017e-07	9.9999400003600017e-07	9.9999400003600017e-07
9.9999400003600017e-07	9.9999400003600017e-07	9.9999300004200020e-01	9.9999400003600017e-07	9.9999400003600017e-07	9.9999400003600017e-07	9.9999400003600017e-07	9.9999400003600017e-07
9.9999400003600017e-07	9.9999400003600017e-07	9.9999300004200020e-01	9.9999400003600017e-07	9.9999400003600017e-07	9.9999400003600017e-07	9.9999400003600017e-07	9.9999400003600017e-07
9.9999400003600017e-07	9.9999400003600017e-07	9.9999300004200020e-01	9.9999400003600017e-07	9.9999400003600017e-07	9.9999400003600017e-07	9.9999400003600017e-07	9.9999400003600017e-07
9.9999400003599954e-07	5.5545683675054295e-04	9.9943854319924963e-01	9.9999400003599954e-07	9.9999400003599954e-07	9.9999400003599954e-07	9.9999400003599954e-07	9.9999400003599954e-07
9.9999400003600017e-07	9.9999400003600017e-07	9.9999300004200020e-01	9.9999400003600017e-07	9.9999400003600017e-07	9.9999400003600017e-07	9.9999400003600017e-07	9.9999400003600017e-07
9.9999400003600017e-07	9.9999400003600017e-07	9.9999300004200020e-01	9.9999400003600017e-07	9.9999400003600017e-07	9.9999400003600017e-07	9.9999400003600017e-07	9.9999400003600017e-07
9.9999400003600017e-07	9.9999400003600017e-07	9.9999300004200020e-01	9.9999400003600017e-07	9.9999400003600017e-07	9.9999400003600017e-07	9.9999400003600017e-07	9.9999400003600017e-07
9.9999400003600017e-07	1.5855353184745916e-02	9.8413864685125430e-01	9.9999400003600017e-07	9.9999400003600017e-07	9.9999400003600017e-07	9.9999400003600017e-07	9.9999400003600017e-07
9.9999400003600017e-07	9.9999400003600017e-07	9.9999300004200020e-01	9.9999400003600017e-07	9.9999400003600017e-07	9.9999400003600017e-07	9.9999400003600017e-07	9.9999400003600017e-07
9.9999400003599954e-07	1.3577066993657422e-02	9.8641693304234279e-01	9.9999400003599954e-07	9.9999400003599954e-07	9.9999400003599954e-07	9.9999400003599954e-07	9.9999400003599954e-07
9.9999400003600017e-07	9.9999400003600017e-07	9.9999300004200020e-01	9.9999400003600017e-07	9.9999400003600017e-07	9.9999400003600017e-07	9.9999400003600017e-07	9.9999400003600017e-07
9.9999400003599954e-07	4.7001486650000528e-03	9.9529385137100002e-01	9.9999400003599954e-07	9.9999400003599954e-07	9.9999400003599954e-07	9.9999400003599954e-07	9.9999400003599954e-07
9.9999400003600017e-07	9.9999400003600017e-07	9.9999300004200020e-01	9.9999400003600017e-07	9.9999400003600017e-07	9.9999400003600017e-07	9.9999400003600017e-07	9.9999400003600017e-07
9.9999400003600017e-07	9.9999400003600017e-07	9.9999300004200020e-01	9.9999400003600017e-07	9.9999400003600017e-07	9.9999400003600017e-07	9.9999400003600017e-07	9.9999400003600017e-07
9.9999400003600017e-07	9.9999400003600017e-07	9.9999300004200020e-01	9.9999400003600017e-07	9.9999400003600017e-07	9.9999400003600017e-07	9.9999400003600017e-07	9.9999400003600017e-07
9.9999400003600017e-07	9.9999400003600017e-07	9.9999300004200020e-01	9.9999400003600017e-07	9.9999400003600017e-07	9.9999400003600017e-07	9.9999400003600017e-07	9.9999400003600017e-07
9.9999400003600017e-07	9.9999400003600017e-07	9.9999300004200020e-01	9.9999400003600017e-07	9.9999400003600017e-07	9.9999400003600017e-07	9.9999400003600017e-07	9.9999400003600017e-07
9.9999400003600017e-07	9.9999400003600017e-07	9.9999300004200020e-01	9.9999400003600017e-07	9.9999400003600017e-07	9.9999400003600017e-07	9.9999400003600017e-07	9.9999400003600017e-07
9.9999500002499978e-07	1.0507266559030327e-02	9.8263308793525128e-01	6.8546455307185493e-03	9.9999500002499978e-07	9.9999500002499978e-07	9.9999500002499978e-07	9.9999500002499978e-07
