7 7
7.3856654521726628e-01	3.0334085591735817e-02	2.2588039680083570e-02	2.2802674574726137e-02	1.7617717500659397e-02	2.7042510258847401e-02	2.5858350066827001e-02
3.0334085591735817e-02	1.8796000526077614e-01	2.1507970513928807e-02	4.8758613643896378e-03	1.3756669116541794e-02	1.1233648395860682e-01	1.5323028690076632e-01
2.2588039680083570e-02	2.1507970513928807e-02	4.1278716627125384e-01	2.2585097914002428e-02	1.9519776915163288e-02	2.2728720534923339e-02	2.1807568330069634e-02
2.2802674574726137e-02	4.8758613643896378e-03	2.2585097914002428e-02	1.4297347610982966e-01	7.2975784753485035e-03	8.9865586013314694e-03	9.2766541405937515e-04
1.7617717500659397e-02	1.3756669116541794e-02	1.9519776915163288e-02	7.2975784753485035e-03	2.4513472232994071e-01	1.8487600875697407e-02	1.2388571761258517e-02
2.7042510258847401e-02	1.1233648395860682e-01	2.2728720534923339e-02	8.9865586013314694e-03	1.8487600875697407e-02	1.4214709469843323e-01	1.0970621576623424e-01
2.5858350066827001e-02	1.5323028690076632e-01	2.1807568330069634e-02	9.2766541405937515e-04	1.2388571761258517e-02	1.0970621576623424e-01	2.4786746781804217e-01
