375 7
9.9999500002499999e-07	9.9999500002499999e-07	9.9999500002499999e-07	9.9999400003000005e-01	9.9999500002499999e-07	9.9999500002499999e-07	9.9999500002499999e-07
5.5955365205510336e-03	9.9999500002499978e-07	9.9999500002499978e-07	9.9439946350444908e-01	9.9999500002499978e-07	9.9999500002499978e-07	9.9999500002499978e-07
9.9999500002499999e-07	9.9999500002499999e-07	9.9999500002499999e-07	9.9999400003000005e-01	9.9999500002499999e-07	9.9999500002499999e-07	9.9999500002499999e-07
2.3760233682682767e-03	9.9999500002499978e-07	9.9999500002499978e-07	9.9761897665673194e-01	9.9999500002499978e-07	9.9999500002499978e-07	9.9999500002499978e-07
1.5146785416222650e-01	1.8209029221540621e-02	9.9999800000400001e-07	6.3003704840685837e-01	1.9067472413296047e-01	9.9999800000400001e-07	9.6093440804140926e-03
9.9999500002499999e-07	9.9999500002499999e-07	9.9999500002499999e-07	9.9999400003000005e-01	9.9999500002499999e-07	9.9999500002499999e-07	9.9999500002499999e-07
1.5307499690909146e-02	1.3877596557875687e-04	9.9999600001600030e-07	9.8454972435951227e-01	9.9999600001600030e-07	9.9999600001600030e-07	9.9999600001600030e-07
9.9999500002499999e-07	9.9999500002499999e-07	9.9999500002499999e-07	9.9999400003000005e-01	9.9999500002499999e-07	9.9999500002499999e-07	9.9999500002499999e-07
9.9999500002499999e-07	9.9999500002499999e-07	9.9999500002499999e-07	9.9999400003000005e-01	9.9999500002499999e-07	9.9999500002499999e-07	9.9999500002499999e-07
4.4308150020393816e-02	9.9999700000900023e-07	9.9999700000900023e-07	5.3719566918731732e-01	2.5081148753336696e-01	9.9999700000900023e-07	1.6768169326792179e-01
9.9999500002499999e-07	9.9999500002499999e-07	9.9999500002499999e-07	9.9999400003000005e-01	9.9999500002499999e-07	9.9999500002499999e-07	9.9999500002499999e-07
1.6220653471368982e-01	9.9999700000900002e-07	9.9999700000900002e-07	6.1118200287700486e-01	9.9999700000900002e-07	6.6552520916426161e-02	1.6005594150187918e-01
9.9999800000400022e-07	3.5216001647738950e-02	1.0371895392332987e-04	7.0152209429564649e-01	1.2568707925614048e-01	1.3746910585055086e-01	9.9999800000400022e-07
3.7367307614737923e-02	2.0480451217419329e-02	9.9999900000099985e-07	5.0217565450976309e-01	1.6755146667449886e-01	8.4490448003872162e-02	1.8793367198070862e-01
9.9999500002499999e-07	9.9999500002499999e-07	9.9999500002499999e-07	9.9999400003000005e-01	9.9999500002499999e-07	9.9999500002499999e-07	9.9999500002499999e-07
2.2015283285743154e-01	9.9999700000900002e-07	9.9999700000900002e-07	5.0056888657417553e-01	2.7913248973850507e-01	9.9999700000900002e-07	1.4279083888780358e-04
2.8885170969632129e-01	9.9999600001600008e-07	9.9999600001600008e-07	6.9230868432727954e-01	1.8835605992399480e-02	9.9999600001600008e-07	9.9999600001600008e-07
9.9999700000900002e-07	2.9674141316924800e-02	9.9999700000900002e-07	6.9115678010570858e-01	1.1165146260295243e-01	1.6751461598341422e-01	9.9999700000900002e-07
9.9999500002499999e-07	9.9999500002499999e-07	9.9999500002499999e-07	9.9999400003000005e-01	9.9999500002499999e-07	9.9999500002499999e-07	9.9999500002499999e-07
9.9999500002499999e-07	9.9999500002499999e-07	9.9999500002499999e-07	9.9999400003000005e-01	9.9999500002499999e-07	9.9999500002499999e-07	9.9999500002499999e-07
9.9999500002499999e-07	9.9999500002499999e-07	9.9999500002499999e-07	9.9999400003000005e-01	9.9999500002499999e-07	9.9999500002499999e-07	9.9999500002499999e-07
2.8559085468421275e-02	9.9999800000400001e-07	2.0185358049445448e-01	5.2856188083469358e-01	1.2793728922326741e-01	1.1308616398316353e-01	9.9999800000400001e-07
9.9999500002499999e-07	9.8270606847471653e-05	9.9999500002499999e-07	9.9989672941815277e-01	9.9999500002499999e-07	9.9999500002499999e-07	9.9999500002499999e-07
9.9999500002499999e-07	9.9999500002499999e-07	9.9999500002499999e-07	9.9999400003000005e-01	9.9999500002499999e-07	9.9999500002499999e-07	9.9999500002499999e-07
9.9999500002499999e-07	9.9999500002499999e-07	9.9999500002499999e-07	9.9999400003000005e-01	9.9999500002499999e-07	9.9999500002499999e-07	9.9999500002499999e-07
9.9999500002499999e-07	9.9999500002499999e-07	9.9999500002499999e-07	9.9989534467962571e-01	9.9999500002499999e-07	9.9999500002499999e-07	9.9655345374140142e-05
3.8025915842446249e-04	1.3199609763334458e-04	9.9999600001600008e-07	9.9948374475994251e-01	9.9999600001600008e-07	9.9999600001600008e-07	9.9999600001600008e-07
5.8899122553599900e-02	1.8870401042889666e-02	5.6388239073365499e-03	5.9619046352098715e-01	3.2039918897918696e-01	9.9999800000400001e-07	9.9999800000400001e-07
9.9999500002500042e-07	9.9999500002500042e-07	7.0816655060913303e-04	9.9928683347439107e-01	9.9999500002500042e-07	9.9999500002500042e-07	9.9999500002500042e-07
9.9999500002499978e-07	1.4840461567271529e-04	9.9999500002499978e-07	9.9984659540932752e-01	9.9999500002499978e-07	9.9999500002499978e-07	9.9999500002499978e-07
9.9999500002499999e-07	9.9999500002499999e-07	9.9999500002499999e-07	9.9999400003000005e-01	9.9999500002499999e-07	9.9999500002499999e-07	9.9999500002499999e-07
9.9999500002499999e-07	9.9999500002499999e-07	9.9999500002499999e-07	9.9999400003000005e-01	9.9999500002499999e-07	9.9999500002499999e-07	9.9999500002499999e-07
3.5750376922131087e-02	9.9999500002499978e-07	9.9999500002499978e-07	9.6424462310286907e-01	9.9999500002499978e-07	9.9999500002499978e-07	9.9999500002499978e-07
9.5213181384874029e-03	1.1524809844954680e-02	2.9915432979343343e-01	9.9999900000099985e-07	1.3454309305328722e-02	2.1478959521748428e-02	6.4486527339704736e-01
3.0662550704562671e-03	7.8899343348061250e-03	2.4612451597941470e-01	3.2202365027442011e-02	2.7890968391433672e-02	1.2385204047094771e-01	5.5897392072549956e-01
9.9999600001599987e-07	7.3885855263787353e-03	1.6805683214805509e-01	9.9999600001599987e-07	9.9999600001599987e-07	9.9999600001599987e-07	8.2455058234156609e-01
9.9999600001599987e-07	2.0447621400830101e-02	9.9999600001599987e-07	1.4010926934012324e-02	9.9999600001599987e-07	9.9999600001599987e-07	9.6553745168115757e-01
2.2891253185771822e-02	2.2625818340731556e-02	9.9999900000099964e-07	5.9620186846768512e-03	2.8598388365173248e-02	2.6538652347421841e-02	8.9338286907722453e-01
9.9999600001600030e-07	9.9999600001600030e-07	2.0391510614245389e-01	9.9999600001600030e-07	9.9999600001600030e-07	8.0941340490956661e-03	7.8798675982445043e-01
3.4003373604424715e-02	3.6371764433075879e-03	1.1639451013253722e-01	4.8258130420237355e-02	1.8877216386071392e-02	1.6048896860165335e-01	6.1834062441176840e-01
6.1099789507500842e-02	2.9261572467815772e-02	8.9203795976924627e-02	9.3120863831699478e-03	9.9999900000100027e-07	1.5412858275796637e-01	6.5699317290762227e-01
9.9999500002499999e-07	4.9488271873590235e-02	9.9999500002499999e-07	9.9999500002499999e-07	9.9999500002499999e-07	9.9999500002499999e-07	9.5050672815140980e-01
9.9999700000900002e-07	5.3044927723211958e-03	1.2609490912866125e-01	9.9999700000900002e-07	9.9999700000900002e-07	5.6645173923672271e-02	8.1195242418434543e-01
3.0715895972696170e-02	2.7260281720606645e-02	7.1981490639711418e-02	8.3015962002223696e-03	9.9999900000099985e-07	2.9395017709151000e-01	5.6778955837625344e-01
9.9999500002499978e-07	1.9332502054737286e-03	9.9999500002499978e-07	9.9999500002499978e-07	9.9999500002499978e-07	9.9999500002499978e-07	9.9806174981952622e-01
9.9999600001599987e-07	9.9999600001599987e-07	6.1741155448217755e-01	9.9999600001599987e-07	9.9999600001599987e-07	7.1225469792084203e-02	3.1135897574173826e-01
3.3217938434357691e-02	5.6367666421200989e-03	1.0869042289178532e-01	2.6454298630664620e-03	4.7309394194454929e-02	1.3244226803727868e-01	6.7005777993693694e-01
2.0215420241341570e-02	9.9999800000399980e-07	1.8176053267125900e-01	6.2937151662627944e-03	9.9999800000399980e-07	1.1259240443924803e-01	6.7913592748588858e-01
9.9999800000400001e-07	1.1441819153729712e-02	6.7084196889501124e-02	9.9999800000400001e-07	3.0981771432617856e-02	2.6927044888374840e-02	8.6356316763977647e-01
4.4583565139129150e-03	5.9499447163455991e-04	3.1963809987135566e-01	9.9999900000100027e-07	3.2548653791444150e-02	6.7584559332951530e-02	5.7517433601970114e-01
2.9624319595824211e-03	4.3192077905344611e-03	1.4046214368572829e-01	2.7012015281322778e-03	9.3475842466608176e-04	6.4510705494697521e-02	7.8410955111665903e-01
5.4981347835890253e-03	1.0032106706808623e-02	1.8869828720615786e-01	2.5689047691329603e-03	9.9999900000100006e-07	4.3408981734460214e-02	7.4979258480085120e-01
9.9999700000900023e-07	1.4030000139111584e-02	2.5698533349227726e-02	9.9999700000900023e-07	9.9999700000900023e-07	2.1729231439407285e-03	9.5809554337672009e-01
2.6051098730352381e-02	3.0966083079189853e-03	2.6570781873948002e-01	3.0324122691256675e-04	9.9999900000099985e-07	3.5424218715042213e-02	6.6941601428129371e-01
9.9999700000899981e-07	2.5666033046991540e-02	4.0480213844322971e-01	9.9999700000899981e-07	9.9999700000899981e-07	3.7083831671472507e-02	5.3244499684730628e-01
4.5194865433967704e-04	2.1595519330321240e-02	1.2767704040421274e-01	2.1392866114884924e-03	9.9999900000099985e-07	1.6233108575037949e-01	6.8580411925025819e-01
2.9619412465125353e-02	9.9999800000399980e-07	1.7524770254017694e-01	9.9999800000399980e-07	7.2927915982716699e-03	6.4050002027983249e-02	7.2378809137244271e-01
1.2854000550687073e-02	1.3921683207439533e-02	4.1291568746686136e-01	1.1680917348985216e-02	2.4057785794950678e-01	9.9999900000099964e-07	3.0804885347751987e-01
3.8987134754596336e-02	1.4437385030178211e-02	2.8119328269462696e-01	4.5803663849807288e-02	1.6784962002419360e-01	3.2282877414134617e-03	4.4850062590518425e-01
9.9999900000099985e-07	7.4611315981580367e-04	4.1098638315317504e-01	3.7381581296761258e-02	1.6090260349402088e-01	3.4154959251944159e-02	3.5582735964528295e-01
6.4701823143319112e-02	9.9999900000099985e-07	3.1905783418883216e-01	4.5357550421677210e-02	1.4388117338628006e-01	1.1215226191318980e-01	3.1484835694770158e-01
2.3456577823594411e-02	9.9999900000100027e-07	2.2352938364649019e-01	2.6658644111926429e-02	1.2421803782830666e-01	9.4185944627773709e-03	5.9271776212790495e-01
2.1834728624371039e-02	7.6443751970405307e-03	3.6637478258934691e-01	9.9999900000099985e-07	1.6344361951673916e-01	8.6642001647218692e-02	3.5405949242628354e-01
7.3576475243738951e-03	1.5977550415503670e-02	4.1853403714986859e-01	9.1606007930370062e-02	2.0267483748783771e-01	1.6220089168203825e-01	1.0164902781000781e-01
5.9722738912502772e-02	1.2097824794358046e-02	1.6957806782562507e-01	4.2704929799525580e-02	2.2783379909702636e-01	1.5652275781842326e-01	3.3153988175253896e-01
5.3039581191280478e-03	9.9999900000099985e-07	2.7466615295294455e-01	1.4305808019655435e-02	1.7582297577536776e-01	3.6518900719409751e-04	5.2953491612671000e-01
9.9999800000399938e-07	9.9999800000399938e-07	4.5705901026191507e-02	6.1527299443166344e-02	3.5678825369523248e-01	5.1955941782665910e-02	4.8402060405674380e-01
2.0071933885296166e-02	2.5011783750438138e-02	1.7080999065654978e-01	9.9999900000100027e-07	4.7089607238840349e-02	1.7984050859094022e-01	5.5717517587893528e-01
2.6337052993301021e-02	2.8872043430371863e-02	5.4860790613948690e-02	1.0269474890154508e-02	9.9999900000099985e-07	5.0013310246916999e-02	8.2964632782630687e-01
9.9999600001600008e-07	9.9999600001600008e-07	4.2527605754572745e-01	9.9999600001600008e-07	9.9999600001600008e-07	3.3604034991540729e-02	5.4111590747873173e-01
9.9999500002500021e-07	9.9999500002500021e-07	1.9268067332724179e-01	9.9999500002500021e-07	9.9999500002500021e-07	9.9999500002500021e-07	8.0731432669775816e-01
1.6463836366060296e-02	1.2918712145539005e-02	2.2284355049964852e-01	2.5517168131992209e-02	1.8523250210383504e-02	3.2670750356002795e-02	6.7106273229037372e-01
1.7997953300854783e-02	1.5100870865384751e-02	4.4514254234583606e-02	2.3257803030127852e-02	1.5133823989389204e-02	9.9999900000100006e-07	8.8399429458065981e-01
7.8424042153741103e-02	2.0519962475601897e-02	8.8620905910226672e-02	5.1181112350017578e-02	2.3843929171539460e-02	1.2616385009449893e-01	6.1124619784437439e-01
7.2030209911598836e-02	1.0570819740778808e-02	9.9999800000400001e-07	9.1656370137735994e-03	9.9999800000400001e-07	1.4823860301280156e-01	7.5999273032504711e-01
6.5988629429708623e-02	6.2200538022777422e-03	9.9999900000100006e-07	2.0598578151994631e-02	8.5615985819753049e-03	9.5894435429962038e-02	8.0273570460508159e-01
4.7200899769461048e-02	1.1119759323114594e-02	4.8735183626511129e-02	2.2477365307625848e-02	9.9999900000099985e-07	1.8148931000911570e-02	8.5231686097337578e-01
1.4443052118127214e-02	9.9999600001600008e-07	9.9999600001600008e-07	9.9999600001600008e-07	9.9999600001600008e-07	1.0835942810126584e-01	8.7719351979660698e-01
1.0314857882971640e-02	1.9707729725269737e-02	2.2304803128055567e-01	9.9999800000400022e-07	9.9999800000400022e-07	6.4846742967811316e-02	6.8208063814739184e-01
2.8592175806196853e-02	9.9999900000099985e-07	6.1573271912486890e-02	4.6965810155825873e-03	5.7919813895840793e-03	6.5486181244153885e-01	2.4448317743561071e-01
9.9999800000400065e-07	9.9999800000400065e-07	2.1448017012815737e-01	7.0835060737422222e-03	1.1866662288041747e-02	4.8991693437014305e-01	2.7665072714391575e-01
6.3001071386204546e-02	6.2194953516836711e-03	3.5480406132370740e-01	9.2779565964408329e-03	2.3036323836625325e-01	5.0581089277901538e-02	2.8575308769780877e-01
9.6201079975365093e-03	1.1723065417133572e-02	4.7056596502031273e-01	6.4467247562375818e-02	1.4421701161328576e-01	9.9999900000100006e-07	2.9940560239035563e-01
9.9999900000100006e-07	8.2011576525404806e-03	4.1277627608489159e-01	1.1059118746655423e-02	1.8176201327946795e-01	3.6603990914279225e-03	3.8254003514601664e-01
7.5835415038161334e-04	9.9999800000400022e-07	5.6421033238982321e-01	1.6308522272336912e-02	9.6890578717296852e-02	9.9999800000400022e-07	3.2183021247416149e-01
2.5222397539578972e-02	4.6634841593411894e-03	3.8894857321408544e-01	4.7299332017405736e-02	1.9038033616638167e-01	9.9999900000099985e-07	3.4348487690420704e-01
2.6290965949419889e-02	2.0605201273486036e-02	3.1237509128597135e-01	3.5260126836538418e-02	2.1433045480145632e-01	1.0617714256931074e-01	2.8496101728381740e-01
2.4560598948360796e-02	1.3427189510550941e-02	2.2528388621965281e-01	6.4655205490704295e-03	1.6835550959003853e-01	1.0536973702551095e-02	5.5137032147977538e-01
6.9656620727297419e-02	9.9999900000099985e-07	2.0062219341742857e-01	3.9421921557734246e-02	1.5945181706055575e-01	1.4602021706384291e-01	3.8482623017414108e-01
5.0854562523470741e-03	9.9999800000399980e-07	4.1126027675010357e-01	5.5004595390066795e-02	2.8263777257847478e-01	9.9999800000399980e-07	2.4600989903300780e-01
1.9631781730940715e-02	9.9999800000400044e-07	3.5897450624056609e-01	6.2262611680379901e-02	1.3986675580483962e-01	9.9999800000400044e-07	4.1926234454727368e-01
2.9690120953397152e-04	1.7428359561965260e-02	3.7435086062139206e-01	2.7845128149853807e-02	1.9873599806994738e-01	9.9999900000099943e-07	3.8134175238830748e-01
4.0802288856118585e-02	1.0577119565502115e-02	4.6262601657143154e-01	2.8871526184761749e-02	1.2393503083693055e-01	5.3299463700667411e-02	2.7988855428458803e-01
8.5550550779452932e-03	2.2513034103730612e-02	5.3213818002847871e-02	3.9681895148721356e-02	1.4471190551830706e-02	5.0213495497513666e-02	8.1135151161741048e-01
9.9999800000400065e-07	1.5232920096720216e-02	9.9999800000400065e-07	6.9991714549527614e-03	3.6270633261863347e-02	3.6553258258802082e-02	9.0494201693166165e-01
3.2932992320844581e-02	3.8275697613576890e-03	9.9999700000900044e-07	9.9999700000900044e-07	9.9999700000900044e-07	6.9915554189104043e-02	8.9332088373769358e-01
9.9999700000900002e-07	8.0325100929834609e-03	3.0789585432353261e-01	9.9999700000900002e-07	9.9999700000900002e-07	3.7906389536172751e-02	6.4616224605631134e-01
6.8919260426151275e-05	9.9999800000400001e-07	2.6290739027947968e-01	2.0068541591032111e-02	9.9999800000400001e-07	6.4724050626118274e-02	6.5222909824694397e-01
2.9525786984676207e-02	7.1282329673768071e-03	1.6082073419549284e-01	9.9999900000100027e-07	2.0794550302261967e-02	5.5730225726472911e-02	7.2599946982471930e-01
9.9999700000899960e-07	1.6570848180362262e-02	2.5508281453183407e-01	9.9999700000899960e-07	9.9999700000899960e-07	7.7080755108934446e-02	6.5126258218786937e-01
4.7345094168929874e-02	1.9688336657634160e-02	2.5073732295277529e-01	1.9119893954004163e-02	1.3737860234470417e-01	3.3763093064722571e-01	1.8809981927472674e-01
3.1258934407217553e-02	9.9999800000399980e-07	2.1511373190966851e-01	8.3834624174776814e-02	2.5366821890746438e-01	9.9999800000399980e-07	4.1612249060487266e-01
9.9999900000100006e-07	1.3670212099448013e-02	4.4943642766621866e-01	4.9121559126030966e-02	1.2668110403529217e-01	3.5246179094175413e-02	3.2584351797983485e-01
1.1220207213499749e-02	2.2163525152835845e-03	3.0223543959362248e-01	8.0869953351570503e-02	2.8936381788004872e-01	1.0754005095661228e-02	3.0334022435031371e-01
4.9684854531272984e-02	1.0462683195887029e-02	3.5324121520574481e-01	4.6902568163980675e-02	1.2987619805414907e-01	9.9999900000100006e-07	4.0983148084996540e-01
3.8484485717732329e-03	1.0908029788348957e-02	4.8443585851019805e-01	9.9999800000400001e-07	1.5256088919912397e-01	9.9999800000400001e-07	3.4824477393455583e-01
9.9999600001600008e-07	9.9999600001600008e-07	4.8800003725856556e-01	9.9999600001600008e-07	1.2874026533136046e-01	9.9999600001600008e-07	3.8325569742607390e-01
5.4497980060306546e-02	1.1821460696722741e-02	3.5512709574192824e-01	3.3595422906654994e-02	1.4438448428756789e-01	9.9999900000099985e-07	4.0057255630781946e-01
1.8061727946672400e-02	9.9999900000099985e-07	3.9552808025050917e-01	8.1325802441911000e-03	1.8695167130991736e-01	2.9284118877690789e-03	3.8839652836194083e-01
9.9999800000400022e-07	9.9999800000400022e-07	2.6110138697650509e-01	5.5807464492645065e-02	2.4850612531061408e-01	1.4415111571586597e-01	2.9043190750837000e-01
9.9999900000100027e-07	8.4413259758483791e-03	3.1558639955289286e-01	3.5888751845116189e-02	1.8807782374152379e-01	6.3487352640426500e-02	3.8851734624519235e-01
8.0860955911275470e-02	9.9999900000100027e-07	1.2997496626564162e-01	8.0472710471109266e-02	3.4146936666987415e-01	9.5270957242132484e-02	2.7195004344096707e-01
3.8247336522854697e-02	9.9999900000099964e-07	3.3648729663626037e-01	2.6857416504120601e-02	2.1637024652222736e-01	2.5047672129250814e-03	3.7953193660261186e-01
8.6000617166535932e-03	1.2071410963259404e-02	2.6184119031338071e-01	3.8366559746648085e-02	2.2120692824140523e-01	5.8902650501621689e-02	3.9901119851703137e-01
9.9999800000400001e-07	2.5287141589232540e-02	4.3185716796116530e-01	9.9999800000400001e-07	8.6381626388014068e-02	2.2953021663644813e-02	4.3351904240194328e-01
9.9999900000099964e-07	1.9481292982328612e-02	4.0268131041321167e-02	1.7610873724656546e-02	4.5143120240639462e-02	9.2327777592118174e-02	7.8516780441993594e-01
1.1633829159484436e-02	3.1347279769487840e-02	8.7753938667138737e-02	1.7346851511009318e-02	9.9999900000100006e-07	1.4465691468515335e-01	7.0726018620872633e-01
3.5949913900245101e-02	1.8120096386780946e-02	8.7825130172876006e-02	1.3742290727271615e-02	6.4424315447967451e-02	1.1862467588005533e-01	6.6131357748480346e-01
1.5131126192133934e-02	2.5943632709788671e-03	3.9490428421938707e-02	1.3058891471154379e-02	5.7891173992302355e-02	1.0735737612244797e-01	7.6447664052904385e-01
9.9999900000099964e-07	1.1154463921923968e-02	1.1560409529378503e-01	1.0669120803216326e-02	7.3411426060271803e-02	1.2169445740490184e-01	6.6746543651690093e-01
9.8880034342784806e-02	2.8029193123915028e-02	2.6148221324435700e-01	5.2579750640165353e-02	2.3369347078023833e-01	9.9999900000100006e-07	3.2533433786953947e-01
4.1123057020532781e-02	9.9999800000400022e-07	2.4352262880749645e-01	4.3488205958367186e-02	2.9229470670926372e-01	9.9999800000400022e-07	3.7956940150833995e-01
2.5034084213299838e-02	8.1800837291780178e-03	2.8814928804555195e-01	1.7198085514622926e-02	3.4550378432358014e-01	1.3199125689369907e-02	3.0273554848439743e-01
9.2482559397786004e-02	5.4460946062590779e-03	2.9699126405388704e-01	9.5760513909194850e-02	1.8147809816141047e-01	2.1875586302535031e-02	3.0596588356892745e-01
5.4512436686911109e-02	1.6278222076155344e-02	3.4086551148312111e-01	1.0068856136698415e-01	1.7843640407113665e-01	2.7091723494996822e-01	3.8301629365723421e-02
9.9999800000400022e-07	2.3638840619366212e-02	4.9273924643813211e-01	3.5157856935351933e-03	1.3904614873655527e-01	9.9999800000400022e-07	3.4105797851641134e-01
9.9999600001599966e-07	9.9999600001599966e-07	5.2492137345681555e-01	9.9999600001599966e-07	6.2738542236302597e-02	9.9999600001599966e-07	4.1233608432288171e-01
2.8519968910842308e-02	1.3035936595982194e-02	4.3839700579580060e-01	7.8734368249688859e-03	5.9607953208800170e-02	1.3053059888956767e-01	3.2203509977403810e-01
9.9999600001600030e-07	9.9999600001600030e-07	5.5752051937910307e-01	9.9999600001600030e-07	8.9543723021601018e-02	9.9999600001600030e-07	3.5293175761529588e-01
1.2216697278360455e-01	8.0309957545826875e-04	2.1962545233718586e-01	1.2596012306746063e-02	2.7627875322242013e-01	7.6798385552718174e-02	2.9173132422186693e-01
2.8945064639430484e-02	6.4851755509326122e-04	2.3019032365097833e-01	4.8316132932182246e-02	2.8251364709832544e-01	8.2776541535936068e-02	3.2660977258805413e-01
1.0376684977641157e-01	4.1281945966330008e-03	4.0223771841272354e-01	5.4132756953150597e-02	1.7506916011609039e-01	3.4895468560867345e-02	2.2576985158412358e-01
4.3745326611029228e-02	9.9999900000099985e-07	2.4138228132414047e-01	3.7238528705025274e-02	2.2752159290869550e-01	1.9361671760805621e-01	2.5649455284405326e-01
3.2310783467360793e-01	9.9999800000400001e-07	2.1823667905179392e-01	9.3508677388912664e-02	2.9592448784261471e-01	9.9999800000400001e-07	6.9220321047070626e-02
5.5278139034828433e-01	5.0225853975548454e-03	1.9597190511425364e-01	1.1430397470695883e-02	7.5321183945270334e-02	9.9999900000099985e-07	1.5947153772494099e-01
7.8146515273967720e-01	1.2890115159902998e-02	3.1753974138555900e-02	5.8889909608098416e-02	1.1499884835776557e-01	9.9999800000400022e-07	9.9999800000400022e-07
3.4398686001628742e-01	7.0649690421627645e-03	2.0996594117065312e-01	4.7865835407889981e-02	2.3337689543240595e-01	9.9999900000099985e-07	1.5773849893160061e-01
3.1389353252233781e-01	8.7142909967635983e-03	1.1622530792956923e-01	6.1410947620915285e-02	1.6924192675233785e-01	1.0485973515460097e-01	2.2565425902347533e-01
6.9789324288883270e-01	8.8115405609577088e-03	8.1447592450059114e-02	2.9669037713661209e-02	1.3441002757847867e-01	1.0083964759353442e-02	3.7684594048657108e-02
6.5138198984819395e-01	1.0070486500734608e-02	9.7911860125129785e-02	1.0640938028278445e-02	9.9730650362060178e-02	9.9999900000100027e-07	1.3026307513660293e-01
4.4748291894441800e-01	4.7146788024550338e-03	1.2452992272694489e-01	1.4690412406422887e-01	1.6961143500701686e-01	9.9999900000100006e-07	1.0675592045593638e-01
7.5492544568028253e-01	9.9999600001599945e-07	9.9999600001599945e-07	9.2650833140368691e-02	1.5241972119534883e-01	9.9999600001599945e-07	9.9999600001599945e-07
6.0234469518635858e-01	9.9999700000899981e-07	3.4794289311084602e-02	9.5480024571788558e-02	2.6737799093976838e-01	9.9999700000899981e-07	9.9999700000899981e-07
5.9540855788824132e-01	9.9999600001599987e-07	9.9999600001599987e-07	1.7845274753287207e-01	2.2613469459488658e-01	9.9999600001599987e-07	9.9999600001599987e-07
5.4723645135714905e-01	7.1706692931128571e-03	1.9162616863862394e-01	4.4783110732452079e-02	1.7937109363084075e-01	9.9999900000100006e-07	2.9811506348821310e-02
5.1406922060052540e-01	6.7386573155983984e-03	1.2430780097070775e-01	1.0713582462007652e-01	2.3519151327039975e-01	9.9999900000099985e-07	1.2555983223692151e-02
1.6676940015200117e-01	9.8763373054695392e-03	1.2955335592478537e-01	1.0010841051615271e-01	3.6482594445148786e-01	9.9999900000100006e-07	2.2886555165110328e-01
3.9523619583666719e-01	1.3753441467783824e-02	2.2731013509455243e-02	4.7847870922094124e-02	2.3726314987861366e-01	1.6217480254820610e-01	1.2099352583717975e-01
3.1585937012824938e-01	1.3296183039173128e-02	9.9999900000100006e-07	2.1959894728853180e-01	3.4433309186261440e-01	4.3256104771127582e-02	6.3655302911303710e-02
6.4333510571724517e-01	1.2833810675963583e-03	7.4409190896866387e-02	2.7545291772171989e-02	2.5342503055012017e-01	9.9999800000399980e-07	9.9999800000399980e-07
9.8375871515971247e-01	1.1866475665077033e-03	9.9999600001600030e-07	1.5050637289779921e-02	9.9999600001600030e-07	9.9999600001600030e-07	9.9999600001600030e-07
3.7503214399249779e-01	7.8277937622874012e-03	1.5046315314067057e-01	4.9461612058022297e-02	1.8796585550248535e-01	9.9999900000100027e-07	2.2924844154503662e-01
3.3673668252036154e-01	9.8654875524645611e-03	1.1702341351861652e-01	7.1122930352486943e-02	1.4508801196919188e-01	1.4805897830248979e-01	1.7210449578438869e-01
6.1214743645652037e-01	1.0060619436015885e-02	9.6311453066454139e-02	5.3828843298813905e-02	1.3872161047968012e-01	3.1257662001117972e-02	5.7672375261397672e-02
5.5819455415256569e-01	1.3064266973894503e-03	1.7904859071634910e-01	5.8235618019064593e-02	2.2084108498823547e-02	9.9999900000099985e-07	1.8112970191680763e-01
5.8820618578424078e-01	9.9999700000899960e-07	3.8980961284404210e-02	9.9999700000899960e-07	2.0334212283010428e-01	9.9999700000899960e-07	1.6946773011025057e-01
4.4630226591811845e-01	4.0895269647210380e-02	1.1555706208464396e-01	1.8049367336314050e-02	2.7590319117557199e-01	1.2363499193304088e-02	9.0929344644837165e-02
5.7534993719341498e-01	9.9999800000400001e-07	1.7442604499971850e-01	7.0829385617552773e-03	2.0861075061869988e-01	9.9999800000400001e-07	3.4528328630411345e-02
5.3328543514409421e-01	9.9999800000400022e-07	1.9080653800060485e-01	1.9815804241187607e-02	1.4023422526339319e-01	9.9999800000400022e-07	1.1585599735472007e-01
5.4292044154277719e-01	5.9741871737738509e-03	5.8852530339412054e-02	1.3651786962250340e-01	2.5573297132553358e-01	9.9999800000400022e-07	9.9999800000400022e-07
4.5755480413463867e-01	2.9364998379181537e-02	3.8789697040300490e-02	6.4199925052643450e-02	4.1008857539723609e-01	9.9999800000399980e-07	9.9999800000399980e-07
6.7412693825407732e-01	5.4160028105048469e-03	1.5571735388859945e-01	9.9999900000100027e-07	1.5308239868710322e-01	7.2293727772888587e-03	4.4269335834263950e-03
4.7364383474463123e-01	9.9999800000399980e-07	2.0142870696220956e-02	8.6279691185940366e-02	2.8287081933992914e-01	9.9999800000399980e-07	1.3706078403727834e-01
5.1384822528490381e-01	6.4016353865958969e-03	1.7254878456506190e-01	8.4661661702946488e-03	1.1433884692983105e-01	9.9999900000099985e-07	1.8439534166431240e-01
5.6533276245999586e-01	1.5877319859970408e-02	4.3963114218185072e-03	1.3725044933106570e-01	2.7714115693114977e-01	9.9999800000400022e-07	9.9999800000400022e-07
6.7220090292206536e-01	1.0026276490241315e-02	7.7605275425994977e-02	2.8288237323682203e-02	2.1187730784201628e-01	9.9999800000400001e-07	9.9999800000400001e-07
6.9755320242747909e-01	9.9999700000900002e-07	2.5043072080522803e-02	8.3426101343010567e-02	1.9397462415798769e-01	9.9999700000900002e-07	9.9999700000900002e-07
3.7029432555284442e-01	9.9999900000100006e-07	2.3288782452217544e-01	7.3075856864882063e-02	2.2912500292647597e-01	7.0394601167636500e-03	8.7576530017858284e-02
4.6105397177776358e-01	9.9999800000399980e-07	2.8019807619455167e-01	8.9375385927797750e-03	6.3132269718095713e-02	9.9999800000399980e-07	1.8667614372080915e-01
5.4633681046565707e-01	1.2568675976376587e-02	1.4746060045574017e-01	9.0465031393513043e-02	2.0316688171271341e-01	9.9999800000400001e-07	9.9999800000400001e-07
8.0269847798552163e-01	5.7114776404966396e-03	4.4942245601443206e-02	3.7003347311031297e-02	1.0964245146550740e-01	9.9999800000400001e-07	9.9999800000400001e-07
7.8036638580914597e-01	9.9999600001599987e-07	9.9999600001599987e-07	1.0079809785380043e-02	2.0954980442147408e-01	9.9999600001599987e-07	9.9999600001599987e-07
9.3012455343300415e-01	9.9999600001600030e-07	9.9999600001600030e-07	6.5498683350977804e-02	4.3727632320180879e-03	9.9999600001600030e-07	9.9999600001600030e-07
4.2851147723321104e-01	2.8478028417355743e-05	1.0611389825571256e-01	3.5403160574503732e-02	1.3604458071154357e-01	2.4257866898649666e-01	5.1319736210114972e-02
7.7134191717955369e-01	9.9999700000900002e-07	4.6396909073849808e-02	7.2184826480410177e-02	1.1007334727518656e-01	9.9999700000900002e-07	9.9999700000900002e-07
2.9184288059181618e-01	9.9999800000400001e-07	2.8889224074769826e-01	1.5785737580518436e-01	2.6104574053338137e-01	9.9999800000400001e-07	3.5976232591998682e-04
5.0722040362699672e-01	1.2157713549828938e-02	3.4783644718452904e-02	1.1348568760383726e-01	3.1414408295255192e-01	9.9999900000099985e-07	1.8207467549332251e-02
4.3554918522798769e-01	9.9999800000400001e-07	1.3236132900214895e-01	1.1404061469764998e-01	2.6773624381128563e-01	9.9999800000400001e-07	5.0310627264927729e-02
5.3092985928703806e-01	2.2089381418840943e-02	1.4943740924647256e-01	3.9515523023112191e-03	2.3874044423222371e-01	9.9999900000099985e-07	5.4850353514113270e-02
9.5900487891111974e-01	9.9999600001599987e-07	9.9999600001599987e-07	2.0917883077673130e-02	9.9999600001599987e-07	9.9999600001599987e-07	2.0073238027206938e-02
7.8981116842116050e-01	6.0588649431393901e-03	1.2235558523998423e-01	3.7397149339605928e-03	7.8032666465755393e-02	9.9999800000399980e-07	9.9999800000399980e-07
5.1893236503835893e-01	9.9999700000900044e-07	1.1864151760748520e-01	6.2365173108367124e-02	3.0005794425478904e-01	9.9999700000900044e-07	9.9999700000900044e-07
2.3227073085580066e-01	9.9999900000100006e-07	1.6342192723923543e-01	7.9389081371226813e-02	2.6916543757538147e-01	2.9927963689901298e-02	2.2582385926945431e-01
9.9999500002499999e-07	1.1148779438864491e-02	9.8884622058613580e-01	9.9999500002499999e-07	9.9999500002499999e-07	9.9999500002499999e-07	9.9999500002499999e-07
9.9999500002500021e-07	9.9999500002500021e-07	9.9999400003000027e-01	9.9999500002500021e-07	9.9999500002500021e-07	9.9999500002500021e-07	9.9999500002500021e-07
9.9999500002499978e-07	8.4377427213569844e-03	9.9155725730364319e-01	9.9999500002499978e-07	9.9999500002499978e-07	9.9999500002499978e-07	9.9999500002499978e-07
9.9999500002500021e-07	9.9999500002500021e-07	9.9999400003000027e-01	9.9999500002500021e-07	9.9999500002500021e-07	9.9999500002500021e-07	9.9999500002500021e-07
9.9999500002500021e-07	9.9999500002500021e-07	9.9999400003000027e-01	9.9999500002500021e-07	9.9999500002500021e-07	9.9999500002500021e-07	9.9999500002500021e-07
9.9999500002500021e-07	9.9999500002500021e-07	9.9999400003000027e-01	9.9999500002500021e-07	9.9999500002500021e-07	9.9999500002500021e-07	9.9999500002500021e-07
9.9999500002500021e-07	9.9999500002500021e-07	9.9999400003000027e-01	9.9999500002500021e-07	9.9999500002500021e-07	9.9999500002500021e-07	9.9999500002500021e-07
9.9999500002500021e-07	9.9999500002500021e-07	9.9999400003000027e-01	9.9999500002500021e-07	9.9999500002500021e-07	9.9999500002500021e-07	9.9999500002500021e-07
9.9999500002500021e-07	9.9999500002500021e-07	9.9999400003000027e-01	9.9999500002500021e-07	9.9999500002500021e-07	9.9999500002500021e-07	9.9999500002500021e-07
9.9999500002500021e-07	9.9999500002500021e-07	9.9999400003000027e-01	9.9999500002500021e-07	9.9999500002500021e-07	9.9999500002500021e-07	9.9999500002500021e-07
9.9999500002500021e-07	9.9999500002500021e-07	9.9999400003000027e-01	9.9999500002500021e-07	9.9999500002500021e-07	9.9999500002500021e-07	9.9999500002500021e-07
9.9999500002500021e-07	9.9999500002500021e-07	9.9999400003000027e-01	9.9999500002500021e-07	9.9999500002500021e-07	9.9999500002500021e-07	9.9999500002500021e-07
9.9999500002500021e-07	9.9999500002500021e-07	9.9999400003000027e-01	9.9999500002500021e-07	9.9999500002500021e-07	9.9999500002500021e-07	9.9999500002500021e-07
9.9999500002500021e-07	9.9999500002500021e-07	9.9999400003000027e-01	9.9999500002500021e-07	9.9999500002500021e-07	9.9999500002500021e-07	9.9999500002500021e-07
9.9999500002500021e-07	9.9999500002500021e-07	9.9999400003000027e-01	9.9999500002500021e-07	9.9999500002500021e-07	9.9999500002500021e-07	9.9999500002500021e-07
9.9999500002500021e-07	9.9999500002500021e-07	9.9999400003000027e-01	9.9999500002500021e-07	9.9999500002500021e-07	9.9999500002500021e-07	9.9999500002500021e-07
9.9999500002500021e-07	9.9999500002500021e-07	9.9999400003000027e-01	9.9999500002500021e-07	9.9999500002500021e-07	9.9999500002500021e-07	9.9999500002500021e-07
9.9999500002500021e-07	9.9999500002500021e-07	9.9999400003000027e-01	9.9999500002500021e-07	9.9999500002500021e-07	9.9999500002500021e-07	9.9999500002500021e-07
9.9999500002499978e-07	1.4360912292418237e-03	9.9855890879575826e-01	9.9999500002499978e-07	9.9999500002499978e-07	9.9999500002499978e-07	9.9999500002499978e-07
9.9999500002500021e-07	9.9999500002500021e-07	9.9999400003000027e-01	9.9999500002500021e-07	9.9999500002500021e-07	9.9999500002500021e-07	9.9999500002500021e-07
9.9999500002500021e-07	9.9999500002500021e-07	9.9999400003000027e-01	9.9999500002500021e-07	9.9999500002500021e-07	9.9999500002500021e-07	9.9999500002500021e-07
9.9999500002500021e-07	9.9999500002500021e-07	9.9999400003000027e-01	9.9999500002500021e-07	9.9999500002500021e-07	9.9999500002500021e-07	9.9999500002500021e-07
9.9999500002499999e-07	1.5593382189748716e-02	9.8440161783525160e-01	9.9999500002499999e-07	9.9999500002499999e-07	9.9999500002499999e-07	9.9999500002499999e-07
9.9999500002500021e-07	9.9999500002500021e-07	9.9999400003000027e-01	9.9999500002500021e-07	9.9999500002500021e-07	9.9999500002500021e-07	9.9999500002500021e-07
9.9999500002500021e-07	1.3404173779243928e-02	9.8659082624575634e-01	9.9999500002500021e-07	9.9999500002500021e-07	9.9999500002500021e-07	9.9999500002500021e-07
9.9999500002500021e-07	9.9999500002500021e-07	9.9999400003000027e-01	9.9999500002500021e-07	9.9999500002500021e-07	9.9999500002500021e-07	9.9999500002500021e-07
9.9999500002499999e-07	5.0394153464613919e-03	9.9495558467853884e-01	9.9999500002499999e-07	9.9999500002499999e-07	9.9999500002499999e-07	9.9999500002499999e-07
9.9999500002500021e-07	9.9999500002500021e-07	9.9999400003000027e-01	9.9999500002500021e-07	9.9999500002500021e-07	9.9999500002500021e-07	9.9999500002500021e-07
9.9999500002500021e-07	9.9999500002500021e-07	9.9999400003000027e-01	9.9999500002500021e-07	9.9999500002500021e-07	9.9999500002500021e-07	9.9999500002500021e-07
9.9999500002500021e-07	9.9999500002500021e-07	9.9999400003000027e-01	9.9999500002500021e-07	9.9999500002500021e-07	9.9999500002500021e-07	9.9999500002500021e-07
9.9999500002500021e-07	9.9999500002500021e-07	9.9999400003000027e-01	9.9999500002500021e-07	9.9999500002500021e-07	9.9999500002500021e-07	9.9999500002500021e-07
9.9999500002500021e-07	9.9999500002500021e-07	9.9999400003000027e-01	9.9999500002500021e-07	9.9999500002500021e-07	9.9999500002500021e-07	9.9999500002500021e-07
9.9999500002500021e-07	9.9999500002500021e-07	9.9999400003000027e-01	9.9999500002500021e-07	9.9999500002500021e-07	9.9999500002500021e-07	9.9999500002500021e-07
9.9999500002499978e-07	1.4671566550291325e-02	9.8532343347470885e-01	9.9999500002499978e-07	9.9999500002499978e-07	9.9999500002499978e-07	9.9999500002499978e-07
9.9999500002500021e-07	9.9999500002500021e-07	9.9999400003000027e-01	9.9999500002500021e-07	9.9999500002500021e-07	9.9999500002500021e-07	9.9999500002500021e-07
9.9999500002499999e-07	1.1739695342584545e-03	9.9882103049074178e-01	9.9999500002499999e-07	9.9999500002499999e-07	9.9999500002499999e-07	9.9999500002499999e-07
9.9999500002500021e-07	9.9999500002500021e-07	9.9999400003000027e-01	9.9999500002500021e-07	9.9999500002500021e-07	9.9999500002500021e-07	9.9999500002500021e-07
9.9999500002500021e-07	9.9999500002500021e-07	9.9999400003000027e-01	9.9999500002500021e-07	9.9999500002500021e-07	9.9999500002500021e-07	9.9999500002500021e-07
9.9999500002500021e-07	9.9999500002500021e-07	9.9999400003000027e-01	9.9999500002500021e-07	9.9999500002500021e-07	9.9999500002500021e-07	9.9999500002500021e-07
9.9999500002500021e-07	9.9999500002500021e-07	9.9999400003000027e-01	9.9999500002500021e-07	9.9999500002500021e-07	9.9999500002500021e-07	9.9999500002500021e-07
9.9999500002499957e-07	9.1447611833896992e-04	9.9908052390666113e-01	9.9999500002499957e-07	9.9999500002499957e-07	9.9999500002499957e-07	9.9999500002499957e-07
9.9999500002500021e-07	9.9999500002500021e-07	9.9999400003000027e-01	9.9999500002500021e-07	9.9999500002500021e-07	9.9999500002500021e-07	9.9999500002500021e-07
9.9999500002500021e-07	9.9999500002500021e-07	9.9999400003000027e-01	9.9999500002500021e-07	9.9999500002500021e-07	9.9999500002500021e-07	9.9999500002500021e-07
9.9999500002500021e-07	9.9999500002500021e-07	9.9999400003000027e-01	9.9999500002500021e-07	9.9999500002500021e-07	9.9999500002500021e-07	9.9999500002500021e-07
9.9999500002500021e-07	9.9999500002500021e-07	9.9999400003000027e-01	9.9999500002500021e-07	9.9999500002500021e-07	9.9999500002500021e-07	9.9999500002500021e-07
9.9999500002500021e-07	9.9999500002500021e-07	9.9999400003000027e-01	9.9999500002500021e-07	9.9999500002500021e-07	9.9999500002500021e-07	9.9999500002500021e-07
9.9999500002500021e-07	9.9999500002500021e-07	9.9999400003000027e-01	9.9999500002500021e-07	9.9999500002500021e-07	9.9999500002500021e-07	9.9999500002500021e-07
9.9999500002500021e-07	9.9999500002500021e-07	9.9999400003000027e-01	9.9999500002500021e-07	9.9999500002500021e-07	9.9999500002500021e-07	9.9999500002500021e-07
9.9999500002500021e-07	9.9999500002500021e-07	9.9999400003000027e-01	9.9999500002500021e-07	9.9999500002500021e-07	9.9999500002500021e-07	9.9999500002500021e-07
9.9999500002499999e-07	3.2192894321544192e-03	9.9677571059284575e-01	9.9999500002499999e-07	9.9999500002499999e-07	9.9999500002499999e-07	9.9999500002499999e-07
9.9999500002499999e-07	9.9999500002499999e-07	9.9999500002499999e-07	9.9999500002499999e-07	9.9999500002499999e-07	9.9999400003000005e-01	9.9999500002499999e-07
9.9999500002499999e-07	9.9999500002499999e-07	9.9999500002499999e-07	9.9999500002499999e-07	9.9999500002499999e-07	9.9999400003000005e-01	9.9999500002499999e-07
9.9999500002499999e-07	9.9999500002499999e-07	9.9999500002499999e-07	9.9999500002499999e-07	9.9999500002499999e-07	9.9999400003000005e-01	9.9999500002499999e-07
9.9999500002499999e-07	9.9999500002499999e-07	9.9999500002499999e-07	9.9999500002499999e-07	9.9999500002499999e-07	9.9999400003000005e-01	9.9999500002499999e-07
9.9999500002499999e-07	9.9999500002499999e-07	9.9999500002499999e-07	9.9999500002499999e-07	9.9999500002499999e-07	9.9999400003000005e-01	9.9999500002499999e-07
9.9999500002499999e-07	9.9999500002499999e-07	9.9999500002499999e-07	9.9999500002499999e-07	9.9999500002499999e-07	9.9999400003000005e-01	9.9999500002499999e-07
9.9999500002499999e-07	9.9999500002499999e-07	9.9999500002499999e-07	9.9999500002499999e-07	9.9999500002499999e-07	9.9999400003000005e-01	9.9999500002499999e-07
9.9999500002499999e-07	9.9999500002499999e-07	9.9999500002499999e-07	9.9999500002499999e-07	9.9999500002499999e-07	9.9999400003000005e-01	9.9999500002499999e-07
9.9999500002499999e-07	9.9999500002499999e-07	9.9999500002499999e-07	9.9999500002499999e-07	9.9999500002499999e-07	9.9999400003000005e-01	9.9999500002499999e-07
9.9999500002499999e-07	9.9999500002499999e-07	9.9999500002499999e-07	9.9999500002499999e-07	9.9999500002499999e-07	9.9999400003000005e-01	9.9999500002499999e-07
9.9999500002499999e-07	9.9999500002499999e-07	9.9999500002499999e-07	9.9999500002499999e-07	9.9999500002499999e-07	9.9999400003000005e-01	9.9999500002499999e-07
9.9999500002499999e-07	9.9999500002499999e-07	9.9999500002499999e-07	9.9999500002499999e-07	9.9999500002499999e-07	9.9999400003000005e-01	9.9999500002499999e-07
9.9999500002499999e-07	9.9999500002499999e-07	9.9999500002499999e-07	9.9999500002499999e-07	9.9999500002499999e-07	9.9999400003000005e-01	9.9999500002499999e-07
9.9999500002499999e-07	9.9999500002499999e-07	9.9999500002499999e-07	9.9999500002499999e-07	9.9999500002499999e-07	9.9999400003000005e-01	9.9999500002499999e-07
9.9999500002499999e-07	9.9999500002499999e-07	9.9999500002499999e-07	9.9999500002499999e-07	9.9999500002499999e-07	9.9999400003000005e-01	9.9999500002499999e-07
