375 7
9.9999500002499957e-07	9.9999500002499957e-07	9.9999500002499957e-07	9.9999500002499957e-07	2.1293893789569245e-04	9.9999500002499957e-07	9.9978206108710410e-01
9.9999600001599966e-07	9.9999600001599966e-07	9.9999600001599966e-07	1.0958330288941016e-03	9.9999600001599966e-07	8.4506740613046874e-02	9.1439342637405896e-01
9.9999500002499978e-07	9.9999500002499978e-07	9.9999500002499978e-07	9.9999500002499978e-07	9.9999500002499978e-07	9.9999500002499978e-07	9.9999400002999983e-01
9.9999500002499978e-07	9.9999500002499978e-07	9.9999500002499978e-07	9.9999500002499978e-07	1.5924786749304575e-03	9.9999500002499978e-07	9.9840252135006946e-01
2.0773621536041349e-02	9.9999700000899960e-07	9.9999700000899960e-07	2.0470958275062700e-05	3.8275584797897250e-01	9.9999700000899960e-07	5.9644705953571109e-01
9.9999500002499978e-07	9.9999500002499978e-07	9.9999500002499978e-07	9.9999500002499978e-07	9.9999500002499978e-07	9.9999500002499978e-07	9.9999400002999983e-01
9.9999600001600008e-07	9.9999600001600008e-07	9.9999600001600008e-07	2.0935376137377289e-05	9.9999600001600008e-07	1.4279275184813270e-01	8.5718231279172985e-01
9.9999500002499978e-07	9.9999500002499978e-07	9.9999500002499978e-07	9.9999500002499978e-07	9.9999500002499978e-07	9.9999500002499978e-07	9.9999400002999983e-01
9.9999500002499978e-07	9.9999500002499978e-07	9.9999500002499978e-07	9.9999500002499978e-07	9.9999500002499978e-07	9.9999500002499978e-07	9.9999400002999983e-01
1.6735855177109116e-01	9.9999800000400001e-07	9.9999800000400001e-07	1.2445977815681794e-01	1.2684290278973123e-01	4.3247016692907467e-02	5.3808975059345232e-01
9.9999500002500105e-07	9.9999500002500105e-07	9.9999500002500105e-07	9.9999500002500105e-07	9.9999500002500105e-07	5.2126573870716810e-03	9.9478234263792820e-01
1.3153339084268298e-01	6.9244455705204808e-02	9.9999800000399980e-07	9.9999800000399980e-07	2.0784695725615238e-01	4.0359237531951853e-03	5.8733727244676470e-01
9.9999800000399832e-07	1.3913328411243356e-01	1.9242687614223972e-02	7.8245073689236416e-02	8.1883987189520821e-02	9.9999800000399832e-07	6.8149296739858511e-01
1.4171022670680286e-01	8.9209995620258734e-02	4.2676544795229983e-02	7.6699456028012411e-02	1.7824356206175726e-01	9.9999900000099985e-07	4.7145921478893882e-01
9.9999500002499978e-07	9.9999500002499978e-07	9.9999500002499978e-07	9.9999500002499978e-07	9.9999500002499978e-07	9.9999500002499978e-07	9.9999400002999983e-01
9.9999700000900023e-07	9.9999700000900023e-07	9.9999700000900023e-07	1.5205928817067093e-02	4.8519309960685703e-01	2.2188381260811935e-02	4.7740959032426389e-01
9.9999600001599987e-07	9.9999600001599987e-07	9.9999600001599987e-07	9.9999600001599987e-07	1.9071277954304147e-01	1.4631527299262762e-01	6.6296794748033105e-01
9.9999600001599987e-07	1.6352321058468991e-01	9.9999600001599987e-07	1.5824588197622000e-01	9.9999600001599987e-07	9.9999600001599987e-07	6.7822690745508996e-01
9.9999500002499978e-07	9.9999500002499978e-07	9.9999500002499978e-07	9.9999500002499978e-07	9.9999500002499978e-07	9.9999500002499978e-07	9.9999400002999983e-01
9.9999500002499957e-07	9.9999500002499957e-07	9.9999500002499957e-07	9.9999500002499957e-07	8.5860094769914382e-04	9.9999500002499957e-07	9.9913639907730079e-01
9.9999500002499978e-07	9.9999500002499978e-07	9.9999500002499978e-07	9.9999500002499978e-07	9.9999500002499978e-07	9.9999500002499978e-07	9.9999400002999983e-01
9.9999800000400022e-07	1.1182230685901484e-01	1.8977145909809845e-01	1.1641121856199485e-01	9.9999800000400022e-07	5.8583211152657674e-02	5.2340980433223427e-01
9.9999500002499936e-07	9.9999500002499936e-07	9.9999500002499936e-07	3.4727669955565859e-05	9.9999500002499936e-07	9.9999500002499936e-07	9.9996027235504437e-01
9.9999500002499978e-07	9.9999500002499978e-07	9.9999500002499978e-07	9.9999500002499978e-07	9.9999500002499978e-07	9.9999500002499978e-07	9.9999400002999983e-01
9.9999500002499978e-07	9.9999500002499978e-07	9.9999500002499978e-07	9.9999500002499978e-07	9.9999500002499978e-07	9.9999500002499978e-07	9.9999400002999983e-01
9.9999500002499936e-07	9.9999500002499936e-07	9.9999500002499936e-07	3.4441271681232332e-05	9.9999500002499936e-07	9.9999500002499936e-07	9.9996055875331868e-01
9.9999500002499957e-07	9.9999500002499957e-07	9.9999500002499957e-07	3.4663244267789775e-05	9.9999500002499957e-07	9.9999500002499957e-07	9.9996033678073215e-01
9.9999700000899939e-07	9.9999700000899939e-07	9.9999700000899939e-07	2.5847484998241482e-01	4.9844697730283431e-02	9.4453305522004607e-02	5.9722414677429714e-01
9.9999500002500105e-07	9.9999500002500105e-07	9.9999500002500105e-07	5.7447800026849136e-03	9.9999500002500105e-07	9.9999500002500105e-07	9.9425022002231511e-01
9.9999500002499894e-07	9.9999500002499894e-07	9.9999500002499894e-07	3.6238426312092630e-05	9.9999500002499894e-07	9.9999500002499894e-07	9.9995876159868780e-01
9.9999500002499978e-07	9.9999500002499978e-07	9.9999500002499978e-07	9.9999500002499978e-07	9.9999500002499978e-07	9.9999500002499978e-07	9.9999400002999983e-01
9.9999500002499978e-07	9.9999500002499978e-07	9.9999500002499978e-07	9.9999500002499978e-07	9.9999500002499978e-07	9.9999500002499978e-07	9.9999400002999983e-01
9.9999500002500042e-07	9.9999500002500042e-07	9.9999500002500042e-07	9.9999500002500042e-07	9.9999500002500042e-07	2.5107497835708252e-02	9.7488750218929177e-01
6.2952107262184709e-01	2.5275488106848702e-02	3.1141207868201370e-01	9.9999700000900023e-07	3.3788360598290761e-02	9.9999700000900023e-07	9.9999700000900023e-07
5.4794783906006472e-01	1.2635666631943257e-01	2.4994837142149159e-01	2.9284148762318690e-02	2.0417575301646906e-02	9.9999900000100006e-07	2.6044399136045542e-02
8.4896545936290368e-01	9.9999500002499978e-07	1.5102954066209662e-01	9.9999500002499978e-07	9.9999500002499978e-07	9.9999500002499978e-07	9.9999500002499978e-07
9.7957818081060022e-01	9.9999600001600008e-07	9.9999600001600008e-07	9.9999600001600008e-07	9.9999600001600008e-07	9.8212337081393063e-03	1.0596585497260438e-02
9.0420819208789638e-01	3.0060825847789723e-02	9.9999800000399938e-07	2.0809072051843461e-02	9.9999800000399938e-07	4.1724325268740772e-02	3.1955847477294335e-03
8.0533926355327612e-01	9.5696433207031750e-03	1.8508709314202113e-01	9.9999600001600030e-07	9.9999600001600030e-07	9.9999600001600030e-07	9.9999600001600030e-07
6.2015542910151356e-01	1.6246038500977594e-01	1.0904019216637141e-01	9.9999800000400022e-07	7.3231341457490690e-02	9.9999800000400022e-07	3.5110652268848318e-02
6.6113047792467361e-01	1.5750781695995539e-01	1.0349212635737266e-01	9.9999800000400001e-07	9.9999800000400001e-07	7.0833784008266301e-02	7.0337947537319409e-03
9.9726429045121101e-01	9.9999500002499999e-07	9.9999500002499999e-07	9.9999500002499999e-07	2.7307095737889079e-03	9.9999500002499999e-07	9.9999500002499999e-07
8.2018274760161225e-01	5.9435281840903464e-02	1.2037797057348451e-01	9.9999600001600008e-07	9.9999600001600008e-07	9.9999600001600008e-07	9.9999600001600008e-07
5.6540026301636981e-01	2.9780529695718949e-01	9.0806704290216061e-02	9.9999800000399938e-07	9.9999800000399938e-07	3.8985730733772761e-02	7.0000050064516440e-03
9.9577124735523981e-01	9.9999500002499999e-07	9.9999500002499999e-07	9.9999500002499999e-07	9.9999500002499999e-07	9.9999500002499999e-07	4.2237526697598074e-03
3.2022856234307584e-01	7.1525346840288370e-02	6.0824209083263603e-01	9.9999600001599966e-07	9.9999600001599966e-07	9.9999600001599966e-07	9.9999600001599966e-07
6.6609066184468468e-01	1.3447143739819470e-01	1.0420997493128804e-01	4.7845180548084662e-02	9.9999900000100006e-07	4.5290621617839436e-02	2.0911236609082442e-03
6.8013584641827918e-01	1.1452636841972173e-01	1.7506127697658713e-01	9.9999800000400001e-07	9.9999800000400001e-07	2.6991751361660640e-02	3.2827568277513856e-03
8.5825877986091736e-01	3.1719579823758566e-02	7.4634994520783968e-02	9.9999700000899981e-07	3.5383645803540302e-02	9.9999700000899981e-07	9.9999700000899981e-07
5.8511210024021032e-01	6.9291109407515303e-02	3.0829800283888775e-01	4.5633604402165817e-03	3.2733427077170411e-02	9.9999800000400022e-07	9.9999800000400022e-07
7.8091229629300873e-01	6.7279711803858236e-02	1.3854602121581336e-01	9.9999800000400022e-07	9.9999800000400022e-07	1.2608771011875710e-02	6.5119967944395052e-04
7.5235966946273980e-01	4.6238139624008703e-02	1.8729927844637215e-01	9.9999700000900023e-07	9.9999700000900023e-07	1.4099912475879545e-02	9.9999700000900023e-07
9.8335835170296215e-01	4.2640921133023247e-03	1.2373556199735736e-02	9.9999600001599966e-07	9.9999600001599966e-07	9.9999600001599966e-07	9.9999600001599966e-07
6.7122396857107491e-01	3.7730052349632219e-02	2.5942087126528507e-01	9.9999800000400001e-07	8.7990215121433474e-03	2.2824086305864459e-02	9.9999800000400001e-07
5.5009231335624054e-01	4.0540854787263610e-02	4.0936283187249611e-01	9.9999600001599966e-07	9.9999600001599966e-07	9.9999600001599966e-07	9.9999600001599966e-07
6.7689616285082976e-01	1.6647524372203945e-01	1.4478597481441099e-01	9.9999700000900023e-07	9.9999700000900023e-07	1.1839618621719748e-02	9.9999700000900023e-07
7.3329571966821927e-01	6.5186555259449927e-02	1.5796869674746661e-01	9.9999700000900044e-07	4.3546028333864464e-02	9.9999700000900044e-07	9.9999700000900044e-07
3.4005150628176167e-01	9.9999900000100006e-07	3.7601754550922356e-01	1.8283184114880571e-01	7.1462422666752942e-02	1.9888186933740948e-02	9.7474974607152237e-03
4.6908757930457801e-01	1.9815660540600643e-03	2.5848846922210311e-01	1.3755351623266990e-01	3.4723050371996078e-02	5.4091742468840659e-02	4.4074076345752111e-02
3.6969349088652892e-01	3.2418273901300657e-02	3.7878762570596469e-01	1.4148715821321145e-01	4.8667720961709411e-02	9.9999900000100006e-07	2.8944730332284823e-02
3.3262415423956337e-01	1.1165437548833645e-01	2.9367213159684946e-01	7.9507493929582604e-02	1.1766814244430916e-01	2.5122639891685325e-02	3.9751062409673778e-02
6.2627287775841223e-01	8.6443913085723634e-03	1.8783380472273853e-01	5.6862830685535035e-02	9.9336515191099733e-02	6.6897128675754791e-04	2.0380609046884338e-02
3.7053091892748014e-01	8.5582967579980546e-02	3.4170634763398078e-01	1.2624564466551039e-01	7.2660541835342360e-02	3.2725793587058535e-03	9.9999900000099985e-07
1.0999792094736274e-01	1.5992063888890412e-01	3.9634095931812868e-01	1.8762936334725022e-01	6.7965103199403340e-02	9.9999900000100006e-07	7.8145014299950924e-02
3.5339563305298560e-01	1.5561311184554333e-01	1.3955978289429552e-01	1.4316933077333399e-01	1.7980038368226831e-01	9.9999900000099964e-07	2.8460757752573066e-02
5.6738109887580224e-01	9.9999800000400022e-07	2.2755111721343435e-01	1.1221772852560022e-01	9.0397914133962656e-02	9.9999800000400022e-07	2.4501412552005702e-03
5.0241614285597713e-01	5.1433711071569847e-02	9.9999800000400022e-07	2.4022077944282624e-01	1.6749763873341472e-01	9.9999800000400022e-07	3.8429727900212186e-02
5.4451506677553052e-01	1.8305103031337397e-01	1.8624506124983675e-01	4.6939656771373482e-02	3.9247184893885304e-02	9.9999800000400022e-07	9.9999800000400022e-07
8.1299634238972185e-01	5.4529686196219153e-02	7.5918385569580971e-02	9.9999700000899981e-07	5.6552585853478082e-02	9.9999700000899981e-07	9.9999700000899981e-07
5.5105453344756650e-01	3.4542152856972326e-02	4.1439931371146155e-01	9.9999600001600008e-07	9.9999600001600008e-07	9.9999600001600008e-07	9.9999600001600008e-07
8.2790256479487445e-01	9.9999500002499978e-07	1.7209243523012568e-01	9.9999500002499978e-07	9.9999500002499978e-07	9.9999500002499978e-07	9.9999500002499978e-07
6.7174972534605670e-01	3.5671907088312235e-02	2.2508974493232145e-01	9.9999800000400022e-07	5.0668579669570980e-02	9.9999800000400022e-07	1.6818042967738495e-02
8.8001957154982990e-01	9.9999800000400001e-07	4.3558062751876785e-02	4.1186405927715018e-02	9.9999800000400001e-07	2.2630188496647084e-02	1.2603771277931150e-02
6.1464055927410255e-01	1.2905858449049326e-01	9.4286309923594935e-02	9.6756385918049591e-04	7.5921088813837023e-02	4.5066181159573095e-02	4.0059712479218877e-02
7.6137617420292203e-01	1.5142154055630774e-01	9.9999700000900002e-07	9.9999700000900002e-07	9.9999700000900002e-07	7.8377942164409728e-02	8.8213430853604589e-03
7.9271652205788035e-01	9.9106111004990963e-02	9.9999800000400001e-07	9.9999800000400001e-07	8.3306905357923927e-02	1.3736872986644295e-02	1.1131588596560580e-02
8.5392590534973900e-01	2.1322188208281682e-02	4.7927017768328015e-02	9.9999800000400022e-07	9.9999800000400022e-07	6.0817490914962552e-02	1.6005397762688747e-02
8.5900746408216100e-01	1.1220745305012848e-01	9.9999600001599987e-07	9.9999600001599987e-07	2.8781082883710628e-02	9.9999600001599987e-07	9.9999600001599987e-07
6.7085002221664491e-01	6.8853738872311318e-02	2.4042443875505715e-01	1.9735238493174436e-04	9.9999800000399980e-07	1.9672447775054929e-02	9.9999800000399980e-07
2.4226313117141712e-01	6.5598090264876829e-01	6.0681992849389847e-02	9.9999900000100027e-07	1.3847923635002344e-02	2.4574189718442364e-02	2.6508599779800830e-03
2.8926737664212288e-01	4.9013174208941157e-01	2.0328670876915442e-01	4.5802675030988003e-03	9.9999900000100006e-07	1.8470971395016381e-03	1.0885807857710678e-02
3.1691279853118354e-01	4.7073645255209573e-02	3.0902027026707229e-01	1.8079163014289645e-01	1.1457090662539286e-01	2.7160202581716829e-02	4.4705465965285841e-03
3.1995137800767581e-01	9.9999900000099964e-07	4.4981290261567991e-01	1.0921259594296745e-01	3.7901343655696480e-02	2.1440876580799548e-02	6.1679903198180737e-02
4.0839468056862088e-01	2.1386860837723002e-03	3.8374820769159318e-01	1.2922651344400932e-01	6.6150493548137568e-02	9.9999900000100006e-07	1.0340418664866628e-02
3.5213941284377226e-01	9.9999800000400022e-07	5.3615251942520648e-01	3.4753725821715549e-02	6.7871939491555733e-02	9.9999800000400022e-07	9.0804024217501240e-03
3.6242967263515097e-01	9.9999800000400044e-07	3.6063232326046779e-01	1.1735985675132304e-01	1.2484262304972413e-01	9.9999800000400044e-07	3.4733524307333979e-02
3.0600303826952224e-01	1.0662185997367014e-01	2.9820106553370096e-01	1.1410811118302178e-01	1.5459896154871364e-01	9.9999900000100006e-07	2.0465963492371227e-02
5.8018396270963846e-01	1.1153071846766758e-02	1.9915976407632893e-01	8.4449043139365965e-02	1.2505215823190019e-01	9.9999800000400022e-07	9.9999800000400022e-07
4.1432160496605291e-01	1.4390120486424990e-01	1.6022672556537507e-01	1.1272201179551530e-01	9.4594266132278573e-02	4.1006375659700743e-02	3.3227811016827473e-02
2.7844806833238261e-01	9.9999800000400022e-07	3.6609616298292152e-01	1.7004601075399270e-01	1.4110784612072144e-01	9.9999800000400022e-07	4.4299911813981775e-02
4.4190555712552282e-01	9.9999900000099985e-07	3.2633692824605121e-01	9.1718979805703177e-02	8.2196126763556615e-02	2.0151340984194250e-03	5.5826273961746886e-02
4.0728599531670751e-01	9.9999800000400001e-07	3.5200505754130290e-01	1.1879181931154020e-01	1.1132334194063798e-01	9.9999800000400001e-07	1.0591785893811509e-02
2.9777954770132298e-01	5.3752904503586885e-02	4.4891021894174571e-01	4.4637134703822606e-02	1.4034751033502540e-01	9.9999900000100027e-07	1.4571683815496355e-02
8.1136314277914146e-01	5.3388230192790508e-02	5.8093981941616461e-02	2.6703897644015699e-02	6.0404258587238146e-03	9.9219203489899280e-03	3.4488401234722112e-02
9.0323626588248729e-01	4.0201195074485684e-02	9.9999700000900002e-07	3.0809994880730489e-02	9.9999700000900002e-07	2.5749544171296636e-02	9.9999700000900002e-07
8.8538255545153877e-01	7.3923994514453847e-02	9.9999600001600008e-07	9.9999600001600008e-07	9.9999600001600008e-07	4.0689450050007465e-02	9.9999600001600008e-07
6.6596593391156444e-01	3.8886200849776828e-02	2.9514386525465885e-01	9.9999600001600008e-07	9.9999600001600008e-07	9.9999600001600008e-07	9.9999600001600008e-07
6.5356832600390169e-01	6.6325021245909416e-02	2.5604831206898349e-01	9.9999800000400001e-07	9.9999800000400001e-07	7.0145932166188916e-03	1.7041747468586426e-02
7.3605231174606012e-01	5.8170253304494837e-02	1.5427050811391427e-01	3.9141783779164506e-04	1.4179249473133194e-02	3.6935259525605842e-02	9.9999900000099985e-07
6.7372763404141400e-01	7.8554083065707297e-02	2.4771428290887904e-01	9.9999600001599987e-07	9.9999600001599987e-07	9.9999600001599987e-07	9.9999600001599987e-07
1.9983988415479084e-01	3.3777319286082674e-01	2.4487077143655797e-01	9.3156508158652104e-02	8.2369046168684304e-02	2.8774308606745558e-02	1.3216288613742605e-02
4.2169261093657251e-01	9.9999800000400022e-07	1.8155733687209158e-01	1.7428475072017979e-01	1.6274535506956295e-01	9.9999800000400022e-07	5.9717946405593206e-02
3.4599085395786278e-01	3.4552467894337538e-02	4.3125694828914707e-01	9.1256868788969908e-02	5.6493525463212381e-02	9.9999900000100006e-07	4.0448335607470347e-02
3.3439731698961084e-01	8.2057729179569380e-03	2.5311064210151879e-01	2.0224794802768656e-01	1.3908488231907115e-01	9.9999900000100048e-07	6.2952437645155762e-02
4.4091829587871667e-01	9.9999900000099964e-07	3.2813564129164630e-01	6.4841024467983593e-02	9.6003176704842888e-02	2.9855138670518859e-02	4.0245722987291739e-02
3.7377898056581732e-01	9.9999900000099985e-07	4.5744553371666102e-01	1.2776690019864065e-01	3.6460863895709486e-03	3.6245663580619487e-02	1.1158355496905786e-03
4.2322039937060224e-01	9.9999700000900002e-07	4.3424860094689088e-01	1.3571559241802927e-01	6.8124072734779559e-03	9.9999700000900002e-07	9.9999700000900002e-07
4.2491213428286029e-01	9.9999800000400001e-07	3.3282020060104217e-01	7.1576470578496254e-02	1.4529157241322302e-01	9.9999800000400001e-07	2.5397622128378292e-02
4.2085442651520460e-01	1.7340207960098981e-03	3.5726188477819332e-01	9.6318219105711089e-02	1.2382944880888121e-01	9.9999800000400001e-07	9.9999800000400001e-07
3.3164296318702197e-01	1.4109634233109244e-01	2.1172741164464193e-01	1.5743973714882453e-01	1.1423811028016657e-01	9.9999900000100006e-07	4.3854435409252615e-02
4.1847648684221833e-01	6.1125938835987596e-02	2.7847593537953208e-01	1.5077556388489011e-01	5.7274109889737440e-02	9.9999900000100006e-07	3.3870965168634491e-02
2.8961648192930295e-01	9.0996012357104999e-02	7.4329580159861977e-02	2.7834689626539866e-01	1.8831800437613835e-01	1.2196916834209488e-02	6.6196108077983401e-02
4.0661217161060359e-01	6.5218660943661090e-04	2.9463939890353102e-01	1.5523808958445867e-01	9.2780533006285651e-02	2.8469782405432888e-02	2.1607837880251644e-02
4.1738838298007641e-01	5.7904229574626320e-02	2.3309558170664416e-01	1.6668550446569111e-01	9.6678822379373322e-02	9.9999900000099985e-07	2.8246478894588572e-02
4.5017749941328716e-01	2.2988081427464571e-02	4.2295200224616036e-01	9.1586095809475437e-02	1.2294321107612702e-02	9.9999800000399980e-07	9.9999800000399980e-07
7.6458268309361155e-01	9.7070139655101112e-02	5.6477960239065650e-02	5.6020862446492396e-02	9.9999900000100006e-07	9.7309552552242475e-03	1.6116399311505110e-02
6.9979581554329662e-01	1.4925735582212016e-01	1.1164346280806978e-01	9.9999800000400022e-07	9.9999800000400022e-07	2.7096609087746675e-02	1.2204756742766868e-02
6.5303081935006746e-01	1.2090762914369733e-01	9.0448298853460493e-02	7.7622671978510971e-02	9.9999900000099985e-07	4.6414856947842191e-02	1.1574723727421533e-02
7.6597493402506911e-01	1.0899597432996981e-01	2.6057684442850854e-02	5.8746951025698449e-02	4.0739620623182499e-03	2.6500525126782078e-02	9.6499689873113092e-03
6.6989664002502847e-01	1.2397282908104071e-01	1.1122038244736950e-01	4.4242735929130465e-02	5.0665412521431120e-02	9.9999800000400044e-07	9.9999800000400044e-07
3.3497677451000873e-01	9.9999900000100027e-07	2.5356865620892888e-01	1.4659644949477216e-01	2.0168822696085792e-01	1.8184722170043913e-02	4.4984170656388538e-02
4.0061088897263891e-01	9.9999800000400022e-07	1.9735961821797307e-01	1.9533225030948184e-01	1.8256703233264601e-01	9.9999800000400022e-07	2.4128210171260347e-02
3.3386967474851470e-01	7.0852673629912691e-03	2.3064936043476414e-01	3.0966871064222135e-01	7.3683200508066177e-02	3.2204807691346884e-02	1.2838978612095427e-02
3.1751490000161603e-01	2.0512099683533808e-02	2.6693429012978304e-01	1.2372631603244338e-01	1.9311846505095120e-01	9.9999900000100027e-07	7.8192929102672407e-02
3.6526809569282760e-02	2.6964529522023545e-01	3.3304675426987479e-01	1.6622348796135653e-01	4.5538617300749179e-02	5.3075992182913229e-02	9.5943043495588159e-02
3.6996147506149063e-01	9.9999700000900002e-07	4.6318230111609660e-01	1.5655552106421042e-01	9.9999700000900002e-07	9.9999700000900002e-07	1.0297702767202351e-02
4.4792067911929256e-01	9.9999700000900002e-07	4.8888970845994689e-01	3.9855237174679835e-02	2.3331375255080940e-02	9.9999700000900002e-07	9.9999700000900002e-07
3.3243083144464969e-01	1.3082341970853742e-01	4.3107695167317128e-01	4.7503755192289505e-02	3.3803410687700611e-02	1.8784583664353260e-02	5.5770476292985368e-03
3.7820856827504984e-01	9.9999600001600008e-07	5.1852472511322201e-01	1.0326270662772843e-01	9.9999600001600008e-07	9.9999600001600008e-07	9.9999600001600008e-07
3.2820399516966459e-01	7.2323590312815877e-02	1.6497368491543790e-01	2.2064536477778793e-01	8.0590242743686868e-02	1.2256359120794978e-01	1.0699530872657036e-02
3.4805315742111603e-01	7.9216945746754253e-02	1.8276302936948174e-01	2.3242103320585583e-01	9.8302573011725194e-02	1.4163948383727785e-02	4.5079312861339191e-02
2.3947193858908897e-01	3.4560284185702193e-02	3.7596335110303958e-01	8.5302542191108971e-02	2.2985168440450132e-01	9.9999900000100006e-07	3.4849199527559070e-02
2.7396034222376137e-01	1.9090769247427497e-01	2.0224302326261023e-01	1.8533808371417770e-01	8.3105300974639848e-02	2.7896964356852606e-02	3.6548592993683349e-02
8.3236939293103621e-02	9.9999800000399980e-07	1.7866008035394468e-01	7.9906889283893334e-02	6.1039460132015566e-01	9.9999800000399980e-07	4.7799489752902623e-02
1.4362676933141727e-01	9.9999700000900023e-07	1.9020439755618737e-01	9.9999700000900023e-07	3.8695118117583244e-01	2.7921465194556316e-01	9.9999700000900023e-07
9.9999600001599987e-07	9.9999600001599987e-07	9.9999600001599987e-07	9.9999600001599987e-07	6.2120614015781583e-01	3.7778140142119693e-01	1.0084584369871878e-03
1.4434345605992016e-01	9.9999900000100006e-07	1.9125561115082559e-01	1.4904314922984144e-01	3.4037967441691575e-01	1.5234220388269631e-01	2.2634905260800541e-02
2.1949744720359415e-01	1.0558777346472646e-01	1.0315676517016630e-01	4.3733453053245379e-02	4.5608782132533593e-01	4.3404911297607478e-02	2.8531828485324335e-02
1.4881494283347290e-02	5.8888383564959686e-03	8.1911746132847754e-02	9.9999800000400022e-07	5.6648979427759028e-01	3.3082612695371877e-01	9.9999800000400022e-07
1.3173186538798964e-01	9.9999700000899981e-07	8.9579624193937044e-02	9.9999700000899981e-07	3.5739893425834784e-01	4.2128657616872539e-01	9.9999700000899981e-07
8.9236925915949158e-02	9.9999900000099964e-07	1.1921757820586192e-01	4.9353269733068677e-04	6.1140247128306868e-01	7.5582268443590686e-02	1.0406622345519871e-01
9.9999600001600008e-07	9.9999600001600008e-07	9.9999600001600008e-07	9.9999600001600008e-07	6.9492230592421667e-01	2.8582306587293915e-01	1.9250628218844261e-02
9.9999500002499999e-07	9.9999500002499999e-07	9.9999500002499999e-07	9.9999500002499999e-07	9.9999400003000005e-01	9.9999500002499999e-07	9.9999500002499999e-07
9.9999600001599966e-07	9.9999600001599966e-07	9.9999600001599966e-07	9.9999600001599966e-07	8.4173414971022953e-01	5.1863543627332455e-02	1.0639830667843803e-01
9.9999700000900023e-07	9.9999700000900023e-07	1.9224514709123433e-01	9.9999700000900023e-07	6.7591952500228614e-01	1.2942004665534948e-01	2.4122812601300178e-03
9.9999800000400001e-07	9.9999800000400001e-07	9.4902908608535591e-02	4.6227955241654101e-02	7.5246005864322130e-01	6.1252450683269760e-02	4.5154626827319203e-02
2.3113871599887453e-01	9.9999800000400022e-07	9.7065897808758198e-02	2.2424407629440865e-01	3.7104561214623927e-01	9.9999800000400022e-07	7.6503697755719427e-02
1.1635431601209610e-01	1.6410821407037576e-01	1.2252812351936473e-03	4.9107619695336273e-02	6.6360275572882055e-01	9.9999900000099985e-07	5.6008132591775436e-03
1.9037429805225662e-02	4.4132289015824666e-02	9.9999900000100006e-07	2.0268415541139112e-01	5.3232497468825180e-01	2.1759115913184961e-02	1.8006103516712174e-01
9.9999500002499999e-07	9.9999500002499999e-07	9.9999500002499999e-07	9.9999500002499999e-07	9.9999400003000005e-01	9.9999500002499999e-07	9.9999500002499999e-07
9.9999500002499978e-07	9.9999500002499978e-07	9.9999500002499978e-07	9.9999500002499978e-07	9.9999500002499978e-07	9.9065733944937073e-01	9.3376605756291427e-03
2.2512236627962687e-01	9.9999900000100006e-07	1.3057461569163523e-01	4.0977171163808460e-02	5.4854386473192074e-01	4.6698176894200284e-02	8.0828052398082845e-03
1.6367548252470382e-01	1.4855801118817977e-01	1.0652867801394732e-01	3.2682216752398005e-02	4.5792359141622041e-01	5.9165350557632286e-02	3.1466669546918478e-02
4.7563988508844211e-02	2.9138325438358644e-02	8.8771707248071319e-02	9.9999900000099964e-07	5.7757503186236525e-01	2.5078531462796211e-01	6.1646323153982706e-03
1.6158851913766020e-01	9.9999800000399938e-07	1.7019885642124111e-01	9.9999800000399938e-07	3.0585134077311793e-01	3.3424416725911316e-01	2.8115116412867500e-02
1.6310796310246792e-01	9.9999800000400001e-07	1.5180254283393020e-02	4.2778009877766206e-02	5.5596376464825470e-01	2.2296800809211831e-01	9.9999800000400001e-07
8.8281529038239909e-02	1.1580289454743884e-02	1.1906120177933148e-01	1.1053865945585435e-01	5.3552716644385734e-01	1.3501015382897305e-01	9.9999900000099985e-07
9.9999600001600030e-07	9.9999600001600030e-07	1.7321103108920219e-01	9.9999600001600030e-07	7.0756266921478328e-01	1.1922229971201460e-01	9.9999600001600030e-07
9.7923899032432607e-02	9.9999700000899981e-07	1.7826897784542242e-01	9.9999700000899981e-07	5.6730634866961283e-01	1.5649777446153229e-01	9.9999700000899981e-07
9.9999800000399980e-07	9.9999800000399980e-07	1.5978316415305314e-02	6.7224033615300285e-02	7.2308142069201520e-01	1.0840371941028464e-01	8.5310509871094467e-02
9.9999600001599987e-07	9.9999600001599987e-07	9.9999600001599987e-07	2.1117195074230974e-01	7.8353436445819247e-01	9.9999600001599987e-07	5.2896848154977191e-03
9.9999700000899960e-07	5.4945043189522373e-04	1.4550898214068547e-01	9.9999700000899960e-07	5.3219173672525599e-01	3.2174683071116339e-01	9.9999700000899960e-07
1.1565363691825296e-01	9.9999800000400044e-07	9.9999800000400044e-07	1.3683211146661567e-01	5.1972708543537083e-01	1.7922387268923332e-01	4.8561293494527341e-02
1.8052959225933568e-01	9.9999800000400001e-07	1.6435318361445755e-01	1.1974012757766548e-02	3.5923916302376285e-01	2.8390204834867760e-01	9.9999800000400001e-07
9.9999500002499978e-07	9.9999500002499978e-07	9.9999500002499978e-07	9.9999500002499978e-07	9.4092487775105360e-01	9.9999500002499978e-07	5.9070122273946250e-02
9.9999700000900002e-07	9.9999700000900002e-07	5.1736133980535691e-02	2.3356210461769435e-04	7.2370532164487522e-01	2.2432198227897143e-01	9.9999700000900002e-07
9.9999500002499978e-07	9.9999500002499978e-07	9.9999500002499978e-07	9.9999500002499978e-07	8.7388389809357958e-01	1.2611110193142036e-01	9.9999500002499978e-07
1.0671981776092385e-01	9.9999900000100006e-07	1.9519412528808983e-01	5.8080754402448101e-02	5.3036823673733868e-01	7.1937864610562577e-02	3.7698201201636979e-02
1.8506178232470485e-01	9.9999900000100006e-07	2.6831794030858669e-01	5.9746631397011210e-02	4.3215153406164081e-02	4.3807711943363709e-01	5.5803731308960124e-03
9.9999500002499957e-07	9.9999500002499957e-07	1.0752631045419740e-01	9.9999500002499957e-07	8.9246868957080272e-01	9.9999500002499957e-07	9.9999500002499957e-07
9.9999500002500021e-07	9.9999500002500021e-07	9.9999500002500021e-07	9.9999500002500021e-07	7.1332300972232787e-01	2.8667199030267221e-01	9.9999500002500021e-07
9.9999500002500021e-07	9.9999500002500021e-07	9.9999500002500021e-07	9.9999500002500021e-07	6.8091094774460803e-01	3.1908405228039188e-01	9.9999500002500021e-07
9.9999500002499936e-07	9.9999500002499936e-07	9.9999500002499936e-07	9.9999500002499936e-07	5.9655953946741169e-01	4.0343546055758817e-01	9.9999500002499936e-07
3.6171101251910455e-02	2.4373623673342862e-01	9.2623162677387974e-02	1.5911448965653264e-02	4.8942756622503769e-01	1.2212948414758207e-01	9.9999900000100006e-07
9.9999500002500021e-07	9.9999500002500021e-07	9.9999500002500021e-07	9.9999500002500021e-07	7.0975259270497559e-01	2.9024240732002443e-01	9.9999500002500021e-07
9.9999700000900002e-07	9.9999700000900002e-07	2.6844174586327507e-01	4.7869638724999476e-02	5.7258871767667385e-01	9.9999700000900002e-07	1.1109689774405146e-01
9.9999500002499957e-07	9.9999500002499957e-07	9.9999500002499957e-07	9.9999500002499957e-07	9.9449338551663558e-01	9.9999500002499957e-07	5.5016145083644106e-03
2.9647685509590932e-02	9.9999900000100006e-07	1.1347167887149569e-01	1.1731463850639645e-01	5.3234936702407842e-01	1.2989515058076948e-01	7.7320479508668993e-02
1.2478919426545271e-02	9.9999800000400044e-07	1.5866906219523297e-01	1.0456035591376112e-01	5.6178967637462562e-01	1.6249998609383504e-01	9.9999800000400044e-07
9.9999500002500021e-07	9.9999500002500021e-07	9.9999500002500021e-07	9.9999500002500021e-07	4.0632052731489693e-01	5.9367447271010310e-01	9.9999500002500021e-07
9.9999600001599987e-07	9.9999600001599987e-07	1.0699172146549710e-01	9.9999600001599987e-07	3.4372576313486514e-01	5.4927851541563788e-01	9.9999600001599987e-07
9.9999500002499957e-07	9.9999500002499957e-07	7.8811523568828298e-02	9.9999500002499957e-07	9.2118347645617182e-01	9.9999500002499957e-07	9.9999500002499957e-07
2.3137514341224344e-01	2.7243797099791647e-02	1.2337624815792485e-01	1.8099522737407506e-01	3.0740930352073204e-01	6.9698755765132986e-02	5.9901524670100091e-02
9.9999500002500021e-07	9.9999500002500021e-07	9.9999400003000027e-01	9.9999500002500021e-07	9.9999500002500021e-07	9.9999500002500021e-07	9.9999500002500021e-07
9.9999500002500021e-07	9.9999500002500021e-07	9.9999400003000027e-01	9.9999500002500021e-07	9.9999500002500021e-07	9.9999500002500021e-07	9.9999500002500021e-07
9.9999500002500021e-07	9.9999500002500021e-07	9.9999400003000027e-01	9.9999500002500021e-07	9.9999500002500021e-07	9.9999500002500021e-07	9.9999500002500021e-07
9.9999500002500021e-07	9.9999500002500021e-07	9.9999400003000027e-01	9.9999500002500021e-07	9.9999500002500021e-07	9.9999500002500021e-07	9.9999500002500021e-07
9.9999500002500021e-07	9.9999500002500021e-07	9.9999400003000027e-01	9.9999500002500021e-07	9.9999500002500021e-07	9.9999500002500021e-07	9.9999500002500021e-07
9.9999500002500021e-07	9.9999500002500021e-07	9.9999400003000027e-01	9.9999500002500021e-07	9.9999500002500021e-07	9.9999500002500021e-07	9.9999500002500021e-07
9.9999500002500021e-07	9.9999500002500021e-07	9.9999400003000027e-01	9.9999500002500021e-07	9.9999500002500021e-07	9.9999500002500021e-07	9.9999500002500021e-07
9.9999500002500021e-07	9.9999500002500021e-07	9.9999400003000027e-01	9.9999500002500021e-07	9.9999500002500021e-07	9.9999500002500021e-07	9.9999500002500021e-07
9.9999500002500021e-07	9.9999500002500021e-07	9.9999400003000027e-01	9.9999500002500021e-07	9.9999500002500021e-07	9.9999500002500021e-07	9.9999500002500021e-07
9.9999500002500021e-07	9.9999500002500021e-07	9.9999400003000027e-01	9.9999500002500021e-07	9.9999500002500021e-07	9.9999500002500021e-07	9.9999500002500021e-07
9.9999500002500021e-07	9.9999500002500021e-07	9.9999400003000027e-01	9.9999500002500021e-07	9.9999500002500021e-07	9.9999500002500021e-07	9.9999500002500021e-07
9.9999500002500021e-07	9.9999500002500021e-07	9.9999400003000027e-01	9.9999500002500021e-07	9.9999500002500021e-07	9.9999500002500021e-07	9.9999500002500021e-07
9.9999500002500021e-07	9.9999500002500021e-07	9.9999400003000027e-01	9.9999500002500021e-07	9.9999500002500021e-07	9.9999500002500021e-07	9.9999500002500021e-07
9.9999500002500021e-07	9.9999500002500021e-07	9.9999400003000027e-01	9.9999500002500021e-07	9.9999500002500021e-07	9.9999500002500021e-07	9.9999500002500021e-07
9.9999500002500021e-07	9.9999500002500021e-07	9.9999400003000027e-01	9.9999500002500021e-07	9.9999500002500021e-07	9.9999500002500021e-07	9.9999500002500021e-07
9.9999500002500021e-07	9.9999500002500021e-07	9.9999400003000027e-01	9.9999500002500021e-07	9.9999500002500021e-07	9.9999500002500021e-07	9.9999500002500021e-07
9.9999500002500021e-07	9.9999500002500021e-07	9.9999400003000027e-01	9.9999500002500021e-07	9.9999500002500021e-07	9.9999500002500021e-07	9.9999500002500021e-07
9.9999500002500021e-07	9.9999500002500021e-07	9.9999400003000027e-01	9.9999500002500021e-07	9.9999500002500021e-07	9.9999500002500021e-07	9.9999500002500021e-07
9.9999500002500021e-07	9.9999500002500021e-07	9.9999400003000027e-01	9.9999500002500021e-07	9.9999500002500021e-07	9.9999500002500021e-07	9.9999500002500021e-07
9.9999500002500021e-07	9.9999500002500021e-07	9.9999400003000027e-01	9.9999500002500021e-07	9.9999500002500021e-07	9.9999500002500021e-07	9.9999500002500021e-07
9.9999500002500021e-07	9.9999500002500021e-07	9.9999400003000027e-01	9.9999500002500021e-07	9.9999500002500021e-07	9.9999500002500021e-07	9.9999500002500021e-07
9.9999500002500021e-07	9.9999500002500021e-07	9.9999400003000027e-01	9.9999500002500021e-07	9.9999500002500021e-07	9.9999500002500021e-07	9.9999500002500021e-07
9.9999500002500021e-07	9.9999500002500021e-07	9.9999400003000027e-01	9.9999500002500021e-07	9.9999500002500021e-07	9.9999500002500021e-07	9.9999500002500021e-07
9.9999500002500021e-07	9.9999500002500021e-07	9.9999400003000027e-01	9.9999500002500021e-07	9.9999500002500021e-07	9.9999500002500021e-07	9.9999500002500021e-07
9.9999500002500021e-07	9.9999500002500021e-07	9.9999400003000027e-01	9.9999500002500021e-07	9.9999500002500021e-07	9.9999500002500021e-07	9.9999500002500021e-07
9.9999500002500021e-07	9.9999500002500021e-07	9.9999400003000027e-01	9.9999500002500021e-07	9.9999500002500021e-07	9.9999500002500021e-07	9.9999500002500021e-07
9.9999500002500021e-07	9.9999500002500021e-07	9.9999400003000027e-01	9.9999500002500021e-07	9.9999500002500021e-07	9.9999500002500021e-07	9.9999500002500021e-07
9.9999500002500021e-07	9.9999500002500021e-07	9.9999400003000027e-01	9.9999500002500021e-07	9.9999500002500021e-07	9.9999500002500021e-07	9.9999500002500021e-07
9.9999500002500021e-07	9.9999500002500021e-07	9.9999400003000027e-01	9.9999500002500021e-07	9.9999500002500021e-07	9.9999500002500021e-07	9.9999500002500021e-07
9.9999500002500021e-07	9.9999500002500021e-07	9.9999400003000027e-01	9.9999500002500021e-07	9.9999500002500021e-07	9.9999500002500021e-07	9.9999500002500021e-07
9.9999500002500021e-07	9.9999500002500021e-07	9.9999400003000027e-01	9.9999500002500021e-07	9.9999500002500021e-07	9.9999500002500021e-07	9.9999500002500021e-07
9.9999500002500021e-07	9.9999500002500021e-07	9.9999400003000027e-01	9.9999500002500021e-07	9.9999500002500021e-07	9.9999500002500021e-07	9.9999500002500021e-07
9.9999500002500021e-07	9.9999500002500021e-07	9.9999400003000027e-01	9.9999500002500021e-07	9.9999500002500021e-07	9.9999500002500021e-07	9.9999500002500021e-07
9.9999500002499978e-07	9.9999500002499978e-07	9.8992400434108496e-01	1.0070995683915297e-02	9.9999500002499978e-07	9.9999500002499978e-07	9.9999500002499978e-07
9.9999500002500021e-07	9.9999500002500021e-07	9.9999400003000027e-01	9.9999500002500021e-07	9.9999500002500021e-07	9.9999500002500021e-07	9.9999500002500021e-07
9.9999500002500021e-07	9.9999500002500021e-07	9.9999400003000027e-01	9.9999500002500021e-07	9.9999500002500021e-07	9.9999500002500021e-07	9.9999500002500021e-07
9.9999500002500021e-07	9.9999500002500021e-07	9.9999400003000027e-01	9.9999500002500021e-07	9.9999500002500021e-07	9.9999500002500021e-07	9.9999500002500021e-07
1.1883944738502327e-03	9.9999500002500021e-07	9.9880660555115008e-01	9.9999500002500021e-07	9.9999500002500021e-07	9.9999500002500021e-07	9.9999500002500021e-07
9.9999500002500021e-07	9.9999500002500021e-07	9.9999400003000027e-01	9.9999500002500021e-07	9.9999500002500021e-07	9.9999500002500021e-07	9.9999500002500021e-07
9.9999500002500021e-07	9.9999500002500021e-07	9.9999400003000027e-01	9.9999500002500021e-07	9.9999500002500021e-07	9.9999500002500021e-07	9.9999500002500021e-07
9.9999500002500021e-07	9.9999500002500021e-07	9.9999400003000027e-01	9.9999500002500021e-07	9.9999500002500021e-07	9.9999500002500021e-07	9.9999500002500021e-07
9.9999500002500021e-07	9.9999500002500021e-07	9.9999400003000027e-01	9.9999500002500021e-07	9.9999500002500021e-07	9.9999500002500021e-07	9.9999500002500021e-07
9.9999500002500021e-07	9.9999500002500021e-07	9.9999400003000027e-01	9.9999500002500021e-07	9.9999500002500021e-07	9.9999500002500021e-07	9.9999500002500021e-07
9.9999500002500021e-07	9.9999500002500021e-07	9.9999400003000027e-01	9.9999500002500021e-07	9.9999500002500021e-07	9.9999500002500021e-07	9.9999500002500021e-07
9.9999500002500021e-07	9.9999500002500021e-07	9.9999400003000027e-01	9.9999500002500021e-07	9.9999500002500021e-07	9.9999500002500021e-07	9.9999500002500021e-07
9.9999500002500021e-07	9.9999500002500021e-07	9.9999400003000027e-01	9.9999500002500021e-07	9.9999500002500021e-07	9.9999500002500021e-07	9.9999500002500021e-07
9.9999500002500021e-07	9.9999500002500021e-07	9.9999400003000027e-01	9.9999500002500021e-07	9.9999500002500021e-07	9.9999500002500021e-07	9.9999500002500021e-07
9.9999500002500021e-07	9.9999500002500021e-07	9.9999400003000027e-01	9.9999500002500021e-07	9.9999500002500021e-07	9.9999500002500021e-07	9.9999500002500021e-07
9.9999500002500021e-07	9.9999500002500021e-07	9.9999400003000027e-01	9.9999500002500021e-07	9.9999500002500021e-07	9.9999500002500021e-07	9.9999500002500021e-07
9.9999500002500021e-07	9.9999500002500021e-07	9.9999400003000027e-01	9.9999500002500021e-07	9.9999500002500021e-07	9.9999500002500021e-07	9.9999500002500021e-07
9.9999500002500021e-07	9.9999400003000027e-01	9.9999500002500021e-07	9.9999500002500021e-07	9.9999500002500021e-07	9.9999500002500021e-07	9.9999500002500021e-07
9.9999500002500021e-07	9.9999400003000027e-01	9.9999500002500021e-07	9.9999500002500021e-07	9.9999500002500021e-07	9.9999500002500021e-07	9.9999500002500021e-07
9.9999500002500021e-07	9.9999400003000027e-01	9.9999500002500021e-07	9.9999500002500021e-07	9.9999500002500021e-07	9.9999500002500021e-07	9.9999500002500021e-07
9.9999500002500021e-07	9.9999400003000027e-01	9.9999500002500021e-07	9.9999500002500021e-07	9.9999500002500021e-07	9.9999500002500021e-07	9.9999500002500021e-07
9.9999500002500021e-07	9.9999400003000027e-01	9.9999500002500021e-07	9.9999500002500021e-07	9.9999500002500021e-07	9.9999500002500021e-07	9.9999500002500021e-07
9.9999500002500021e-07	9.9999400003000027e-01	9.9999500002500021e-07	9.9999500002500021e-07	9.9999500002500021e-07	9.9999500002500021e-07	9.9999500002500021e-07
9.9999500002500021e-07	9.9999400003000027e-01	9.9999500002500021e-07	9.9999500002500021e-07	9.9999500002500021e-07	9.9999500002500021e-07	9.9999500002500021e-07
9.9999500002500021e-07	9.9999400003000027e-01	9.9999500002500021e-07	9.9999500002500021e-07	9.9999500002500021e-07	9.9999500002500021e-07	9.9999500002500021e-07
9.9999500002500021e-07	9.9999400003000027e-01	9.9999500002500021e-07	9.9999500002500021e-07	9.9999500002500021e-07	9.9999500002500021e-07	9.9999500002500021e-07
9.9999500002500021e-07	9.9999400003000027e-01	9.9999500002500021e-07	9.9999500002500021e-07	9.9999500002500021e-07	9.9999500002500021e-07	9.9999500002500021e-07
9.9999500002500021e-07	9.9999400003000027e-01	9.9999500002500021e-07	9.9999500002500021e-07	9.9999500002500021e-07	9.9999500002500021e-07	9.9999500002500021e-07
9.9999500002500021e-07	9.9999400003000027e-01	9.9999500002500021e-07	9.9999500002500021e-07	9.9999500002500021e-07	9.9999500002500021e-07	9.9999500002500021e-07
9.9999500002500021e-07	9.9999400003000027e-01	9.9999500002500021e-07	9.9999500002500021e-07	9.9999500002500021e-07	9.9999500002500021e-07	9.9999500002500021e-07
9.9999500002500021e-07	9.9999400003000027e-01	9.9999500002500021e-07	9.9999500002500021e-07	9.9999500002500021e-07	9.9999500002500021e-07	9.9999500002500021e-07
9.9999500002500021e-07	9.9999400003000027e-01	9.9999500002500021e-07	9.9999500002500021e-07	9.9999500002500021e-07	9.9999500002500021e-07	9.9999500002500021e-07
