375 8
9.9999400003600017e-07	9.9999300004200020e-01	9.9999400003600017e-07	9.9999400003600017e-07	9.9999400003600017e-07	9.9999400003600017e-07	9.9999400003600017e-07	9.9999400003600017e-07
9.9999500002499978e-07	9.3621448205652913e-01	9.9999500002499978e-07	6.3750415947786868e-02	9.9999500002499978e-07	9.9999500002499978e-07	3.0102020684000923e-05	9.9999500002499978e-07
9.9999400003599975e-07	9.9996770352694619e-01	9.9999400003599975e-07	9.9999400003599975e-07	9.9999400003599975e-07	9.9999400003599975e-07	9.9999400003599975e-07	2.6296509053351383e-05
9.9999400003600017e-07	9.9999300004200020e-01	9.9999400003600017e-07	9.9999400003600017e-07	9.9999400003600017e-07	9.9999400003600017e-07	9.9999400003600017e-07	9.9999400003600017e-07
3.7273346499129892e-05	6.2378888217557382e-01	9.9999700000900002e-07	1.8660505950974410e-01	1.7324875781670773e-01	1.6317027160475488e-02	9.9999700000900002e-07	9.9999700000900002e-07
9.9999400003599975e-07	9.9996890617778378e-01	9.9999400003599975e-07	9.9999400003599975e-07	9.9999400003599975e-07	9.9999400003599975e-07	9.9999400003599975e-07	2.5093858215742137e-05
9.1739463940174572e-04	8.6098349175352762e-01	9.9999600001599966e-07	1.3747060346766915e-01	9.9999600001599966e-07	9.9999600001599966e-07	6.2451015540141233e-04	9.9999600001599966e-07
3.0506291125266485e-05	9.9996349374487503e-01	9.9999400003599996e-07	9.9999400003599996e-07	9.9999400003599996e-07	9.9999400003599996e-07	9.9999400003599996e-07	9.9999400003599996e-07
1.9512379897887279e-04	9.9979887623702146e-01	9.9999400003600017e-07	9.9999400003600017e-07	9.9999400003600017e-07	9.9999400003600017e-07	9.9999400003600017e-07	9.9999400003600017e-07
9.9999600001600030e-07	5.4111340547033426e-01	9.9999600001600030e-07	1.1183370241185088e-01	1.4953391426128856e-01	9.9999600001600030e-07	1.9751497787252625e-01	9.9999600001600030e-07
9.9999400003599954e-07	9.9673999878204544e-01	9.9999400003599954e-07	3.2540012539544849e-03	9.9999400003599954e-07	9.9999400003599954e-07	9.9999400003599954e-07	9.9999400003599954e-07
9.9999700000900023e-07	5.9779460158589137e-01	6.3212058335360269e-02	1.7456520684580246e-01	9.9999700000900023e-07	1.5679376778267018e-01	7.6313654592758224e-03	9.9999700000900023e-07
3.2894482911585962e-02	7.0798165048770034e-01	1.3323320906349417e-01	9.9999600001600008e-07	1.2588665755321979e-01	9.9999600001600008e-07	9.9999600001600008e-07	9.9999600001600008e-07
1.4152352543768522e-02	4.9889573993368042e-01	8.9432555941505232e-02	7.2218266698607078e-02	1.2339896350743715e-01	3.7015208035131239e-02	1.6488591334087049e-01	9.9999900000099985e-07
9.9999400003600017e-07	9.9999300004200020e-01	9.9999400003600017e-07	9.9999400003600017e-07	9.9999400003600017e-07	9.9999400003600017e-07	9.9999400003600017e-07	9.9999400003600017e-07
9.9999500002499957e-07	5.0337001607247434e-01	9.9999500002499957e-07	2.8896743178581152e-01	2.0765755216671436e-01	9.9999500002499957e-07	9.9999500002499957e-07	9.9999500002499957e-07
9.9999400003600017e-07	6.8948597845454518e-01	9.9999400003600017e-07	3.1050802158145496e-01	9.9999400003600017e-07	9.9999400003600017e-07	9.9999400003600017e-07	9.9999400003600017e-07
2.3431340608871289e-02	6.9550197255385982e-01	1.6572149298285113e-01	4.5445010590886613e-03	1.1079769280432933e-01	9.9999700000900023e-07	9.9999700000900023e-07	9.9999700000900023e-07
9.9999500002499978e-07	9.9967002682167294e-01	9.9999500002499978e-07	2.4311022383535790e-04	9.9999500002499978e-07	9.9999500002499978e-07	8.1862979491535565e-05	9.9999500002499978e-07
9.9999400003599932e-07	9.9996717699604398e-01	9.9999400003599932e-07	9.9999400003599932e-07	9.9999400003599932e-07	9.9999400003599932e-07	9.9999400003599932e-07	2.6823039955638872e-05
9.9999400003600038e-07	9.9996363589630965e-01	9.9999400003600038e-07	9.9999400003600038e-07	9.9999400003600038e-07	9.9999400003600038e-07	3.0364139689998863e-05	9.9999400003600038e-07
9.9999700000900002e-07	5.2311328606817853e-01	1.1180097639146799e-01	4.6550052513582296e-02	1.2680616424769717e-01	9.9999700000900002e-07	9.9999700000900002e-07	1.9172652078807398e-01
9.9999500002499978e-07	9.9996571254078392e-01	9.9999500002499978e-07	9.9999500002499978e-07	9.9999500002499978e-07	9.9999500002499978e-07	1.7177172852356823e-06	2.7569766930582297e-05
9.9999400003600017e-07	9.9999300004200020e-01	9.9999400003600017e-07	9.9999400003600017e-07	9.9999400003600017e-07	9.9999400003600017e-07	9.9999400003600017e-07	9.9999400003600017e-07
3.8504188599746771e-05	9.9977896649664133e-01	9.9999500002499999e-07	9.9999500002499999e-07	9.9999500002499999e-07	9.9999500002499999e-07	1.7752933975865689e-04	9.9999500002499999e-07
9.9999400003599996e-07	9.9994902469160807e-01	9.9999400003599996e-07	9.9999400003599996e-07	9.9999400003599996e-07	9.9999400003599996e-07	9.9999400003599996e-07	4.4975344391421904e-05
3.8450065208405102e-05	9.9995554997079183e-01	9.9999400003600060e-07	9.9999400003600060e-07	9.9999400003600060e-07	9.9999400003600060e-07	9.9999400003600060e-07	9.9999400003600060e-07
1.0815026569904755e-02	6.0168919862163184e-01	9.9999700000900002e-07	1.1093082945399958e-01	2.7078275414890096e-01	5.7791912145631116e-03	9.9999700000900002e-07	9.9999700000900002e-07
9.9999400003600017e-07	9.9999300004200020e-01	9.9999400003600017e-07	9.9999400003600017e-07	9.9999400003600017e-07	9.9999400003600017e-07	9.9999400003600017e-07	9.9999400003600017e-07
9.9999400003600017e-07	9.9999300004200020e-01	9.9999400003600017e-07	9.9999400003600017e-07	9.9999400003600017e-07	9.9999400003600017e-07	9.9999400003600017e-07	9.9999400003600017e-07
2.5747923928764538e-03	9.9741920764312375e-01	9.9999400003599954e-07	9.9999400003599954e-07	9.9999400003599954e-07	9.9999400003599954e-07	9.9999400003599954e-07	9.9999400003599954e-07
9.9999400003600017e-07	9.9999300004200020e-01	9.9999400003600017e-07	9.9999400003600017e-07	9.9999400003600017e-07	9.9999400003600017e-07	9.9999400003600017e-07	9.9999400003600017e-07
9.9999400003599975e-07	9.6609603462527638e-01	9.9999400003599975e-07	3.3897965410723735e-02	9.9999400003599975e-07	9.9999400003599975e-07	9.9999400003599975e-07	9.9999400003599975e-07
6.2974665105135913e-03	9.9999700000899981e-07	7.4248986717970200e-04	9.9999700000899981e-07	2.3961478255213140e-02	6.7645499641353668e-01	9.9999700000899981e-07	2.9254056896255687e-01
4.0453810592376675e-03	3.0536887163342932e-02	1.1400684114628844e-01	1.6795292733429547e-03	2.6313237046522265e-02	5.3575836468224625e-01	5.4430544226239684e-02	2.3322921540277991e-01
2.1909063460388073e-03	9.9999500002499999e-07	9.9999500002499999e-07	9.9999500002499999e-07	9.9999500002499999e-07	7.6829400494291111e-01	9.9999500002499999e-07	2.2951008873604994e-01
1.2303496682807611e-02	1.7214179687587827e-02	9.9999700000900002e-07	9.9999700000900002e-07	9.9999700000900002e-07	9.0023185373793613e-01	1.7404217759378178e-02	5.2843252141290258e-02
1.3812846962886906e-02	5.5839489112270982e-03	9.9999700000899981e-07	1.1607773474294723e-02	3.9479772413553160e-02	9.2951265824703821e-01	9.9999700000899981e-07	9.9999700000899981e-07
9.9999400003599975e-07	9.9999400003599975e-07	9.9999400003599975e-07	9.9999400003599975e-07	9.9999400003599975e-07	7.6539266398256700e-01	9.9999400003599975e-07	2.3460133605343270e-01
9.9999900000100006e-07	4.6359175246709579e-02	1.4915390295965852e-01	3.0898190389455189e-02	3.5362540992385002e-03	5.8377604731028410e-01	1.0773584296299361e-01	7.8539587032660632e-02
2.4481477384966810e-02	7.4680918092851697e-03	1.4418411288536859e-01	4.6389839026852883e-02	9.9999900000100006e-07	5.8844277934556588e-01	1.2835578016997193e-01	6.0676919378988732e-02
4.0744550729370076e-02	9.9999400003599996e-07	9.9999400003599996e-07	9.9999400003599996e-07	9.9999400003599996e-07	9.5924944930662981e-01	9.9999400003599996e-07	9.9999400003599996e-07
9.9999500002499978e-07	9.9999500002499978e-07	3.5384452159608809e-02	9.9999500002499978e-07	9.9999500002499978e-07	8.4288186574603507e-01	9.9999500002499978e-07	1.2172868211935592e-01
2.2815326224349172e-02	4.4842601165843753e-03	2.8554433589520711e-01	1.7623756639202726e-02	9.9999900000100027e-07	5.0325859454509525e-01	1.2679783299219971e-01	3.9474893588361724e-02
9.9999400003599975e-07	9.9999400003599975e-07	9.9999400003599975e-07	9.9999400003599975e-07	9.9999400003599975e-07	9.9339603924284015e-01	9.9999400003599975e-07	6.5979607931594669e-03
9.9999600001599966e-07	9.9999600001599966e-07	7.0078522383272168e-02	9.9999600001599966e-07	9.9999600001599966e-07	2.2447588079832814e-01	8.2009234568089118e-02	6.2343236226631049e-01
7.7941206695243215e-05	3.9621386719838685e-04	1.1665697389487663e-01	2.3044065408943555e-02	5.4722694789251021e-02	6.6733105739924614e-01	5.7427220287078341e-02	8.0343833146710619e-02
9.9999800000400022e-07	7.5767465076180124e-03	1.0249964032396415e-01	1.6545065601208497e-02	9.9999800000400022e-07	6.3867966620377825e-01	4.0791864698258115e-02	1.9390501666917309e-01
9.9999400003599975e-07	9.9999400003599975e-07	9.9999400003599975e-07	9.9999400003599975e-07	8.5072412576117119e-03	9.9148675877838821e-01	9.9999400003599975e-07	9.9999400003599975e-07
9.9999800000400022e-07	9.9999800000400022e-07	5.9570839842553985e-02	8.4065783204789388e-04	2.8071317196779093e-03	4.8641646997259269e-01	1.9025765324103838e-01	2.6010524739608926e-01
9.9999600001600030e-07	9.9999600001600030e-07	4.6068473014823128e-02	9.9999600001600030e-07	3.4804646407673961e-03	8.1131456310560301e-01	9.9999600001600030e-07	1.3913249925480650e-01
4.2506057310621658e-03	9.9999600001599987e-07	1.7721784200697529e-02	9.9999600001599987e-07	9.9999600001599987e-07	8.1996153796409399e-01	9.9999600001599987e-07	1.5806207212014617e-01
2.3732949672109942e-03	9.9999500002499957e-07	9.9999500002499957e-07	9.9999500002499957e-07	9.9999500002499957e-07	9.3165994627413262e-01	9.9999500002499957e-07	6.5961758783656135e-02
9.9999700000899981e-07	1.2898295887446289e-03	1.4529162679841287e-02	1.7333744028192145e-02	9.9999700000899981e-07	7.1839531575023796e-01	9.9999700000899981e-07	2.4844894796198402e-01
2.2115522672140526e-02	9.9999700000899981e-07	3.2497175668164978e-02	9.9999700000899981e-07	9.9999700000899981e-07	4.3233160241283375e-01	1.0741324804975701e-01	4.0563945120610367e-01
1.4899067138188785e-02	9.9999700000899981e-07	1.5083111335629990e-01	9.9999700000899981e-07	9.9999700000899981e-07	6.5256221847385865e-01	4.7664361118823162e-02	1.3404023992182942e-01
9.9999700000900002e-07	9.9999700000900002e-07	5.3967005052032856e-02	8.1101688694755602e-03	9.9999700000900002e-07	6.1105172156496923e-01	2.0947165443530033e-01	1.1739645008722190e-01
9.9999400003599932e-07	9.9999400003599932e-07	9.9999400003599932e-07	5.0057015295604704e-02	9.9999400003599932e-07	9.9999400003599932e-07	9.4993698474039512e-01	9.9999400003599932e-07
1.5012718954621992e-02	4.3360938802373877e-02	9.9999900000100006e-07	6.5151790364145631e-02	5.6745227209909856e-02	2.4745987394903798e-01	4.6428481158328438e-01	1.0798363913762632e-01
9.9999900000099985e-07	3.4939527873027593e-02	3.1835671001085405e-02	8.3604354636876710e-03	1.1700390537674724e-01	2.1497886857596588e-01	2.8436673072360985e-01	3.0851386098687633e-01
9.9999900000099943e-07	4.4019317154073333e-02	1.2003526921564495e-01	9.5591880494382941e-02	2.1602964943432394e-03	3.5597714501996301e-02	5.7301983349066821e-01	1.2957468864989088e-01
9.9999700000900002e-07	1.5069175416864304e-02	5.4661153902410926e-03	3.8529658634079263e-02	9.9999700000900002e-07	2.7463574993666939e-01	6.6629630063114598e-01	9.9999700000900002e-07
8.7572096811134505e-03	9.9999900000100027e-07	8.9582956095990207e-02	4.0708995037196570e-02	7.4127931086753626e-02	1.2075842772466827e-01	4.3917475084021262e-01	2.2688872953506517e-01
1.5051451607103436e-02	8.0858893396080767e-02	1.5506112865411703e-01	2.6134608433751112e-02	1.0495269640364617e-01	9.9999900000100006e-07	4.4890825468307305e-01	1.6903196682322835e-01
1.2388511809720252e-02	4.2698347592814018e-02	1.5958977725545245e-01	9.0181398237336771e-02	1.1473948179055642e-01	9.3912687494268066e-02	4.8648879582085203e-01	9.9999900000100006e-07
9.9999800000400022e-07	1.0950511235393758e-02	9.9999800000400022e-07	3.1629424849571645e-02	2.3509065128208245e-02	1.9724160837594146e-01	7.0893154545497516e-01	2.7735844959909599e-02
9.9999700000900023e-07	7.9194943580017677e-02	6.8664964059825279e-02	8.2427215405004126e-02	1.4810835107525036e-01	9.9999700000900023e-07	6.2160152588890261e-01	9.9999700000900023e-07
1.9455945531113336e-02	9.9999700000900002e-07	1.6185150358145137e-01	9.9999700000900002e-07	7.3881827767072195e-02	6.0320837334784205e-01	9.9999700000900002e-07	1.4159934978152114e-01
2.0946553302585869e-02	9.7377066938040876e-03	3.3615621175534557e-02	1.6775320563361992e-02	9.9999900000099985e-07	8.1934364387094472e-01	5.3180296773585413e-02	4.6399857621183170e-02
9.9999600001599966e-07	9.9999600001599966e-07	2.6564402147723445e-02	9.9999600001599966e-07	9.9999600001599966e-07	5.0475108303174776e-01	2.5816757130813165e-02	4.4286375770571551e-01
9.9999500002499999e-07	9.9999500002499999e-07	9.9999500002499999e-07	9.9999500002499999e-07	9.9999500002499999e-07	6.7770690799216138e-01	8.4357276612976928e-02	2.3793081541986150e-01
8.5835031535753340e-03	2.4896306756658087e-02	2.1795309059747775e-02	6.5620901231733851e-03	1.8940274626225766e-02	6.2194504142469487e-01	8.9315798577051547e-02	2.0796167627887333e-01
4.3306050807822129e-03	2.0638024921431384e-02	9.9999700000900044e-07	9.9999700000900044e-07	4.7325834983653635e-02	8.6659462399932286e-01	9.9999700000900044e-07	6.1107911023809934e-02
1.7330402111136508e-02	4.7465343600607147e-02	1.1548805705834128e-01	7.6394501173335239e-02	9.9999900000100027e-07	5.5152318496984121e-01	1.5945344863029634e-01	3.2344062457442237e-02
1.5658363231033923e-03	9.2084204548550305e-03	1.3129757115398349e-01	6.7062775219022833e-02	9.9999700000899981e-07	7.9086239685803539e-01	9.9999700000899981e-07	9.9999700000899981e-07
5.9780135914133073e-04	2.1920771392830815e-02	8.1028590778114293e-02	6.3649367502216905e-02	9.9999800000400022e-07	7.7627252133469737e-01	5.6528947636999415e-02	9.9999800000400022e-07
3.7191996042536929e-03	2.8305029387563251e-02	9.9999700000900023e-07	3.8113400372570494e-02	9.9999700000900023e-07	8.8005185775681649e-01	9.9999700000900023e-07	4.9807512887796009e-02
9.9999600001600008e-07	9.9999600001600008e-07	8.6991951030005357e-02	6.0771850951226438e-03	3.1656701672462813e-03	9.0376119372362584e-01	9.9999600001600008e-07	9.9999600001600008e-07
1.4723107720315114e-02	9.9999700000899981e-07	5.5907396417601007e-02	9.9999700000899981e-07	9.9999700000899981e-07	6.1008027281056609e-01	1.0645156204171988e-01	2.1283466101879792e-01
9.9999900000099985e-07	5.0461092890922050e-03	6.5176320016609623e-01	2.7049399579605355e-02	6.3804661292844690e-03	2.2274278284338775e-01	1.9021108585010903e-02	6.7995933408522974e-02
9.9999700000899981e-07	5.1607440219792597e-03	4.8749854204807702e-01	9.9999700000899981e-07	9.9999700000899981e-07	2.2172797545594833e-01	9.0516663361708660e-02	1.9509307512128690e-01
9.2094276962815420e-03	3.7565581939466280e-03	5.2831412566141357e-02	9.3923225582956474e-02	1.2665596595646542e-01	5.1036890217881971e-02	4.7838366607343674e-01	1.8420285371288989e-01
1.5695768282715555e-02	5.3057447272317482e-02	9.9999700000899981e-07	2.2899459009503527e-02	9.9999700000899981e-07	9.9999700000899981e-07	7.2277759138050501e-01	1.8556673406395854e-01
8.9618772184076358e-03	9.1161805485461093e-03	4.6272504356882826e-03	9.5316256692657090e-03	6.1153608122238808e-02	2.3591555568094291e-02	6.8986390304971557e-01	1.9315399938804359e-01
9.9999400003599996e-07	9.9999400003599996e-07	9.9999400003599996e-07	9.9999400003599996e-07	9.9999400003599996e-07	9.9999400003599996e-07	6.9662376837779094e-01	3.0337023165820876e-01
1.0026016416992876e-02	3.7160096309442149e-02	9.9999800000400001e-07	5.0611470992733915e-02	3.3282085923681246e-02	9.9999800000400001e-07	7.6220813275235688e-01	1.0671019760879279e-01
2.3552770706411211e-02	2.5882077809992843e-02	1.0804985675954146e-01	6.2068875854742217e-02	7.6364916296731547e-02	1.8805935698433602e-02	6.0752172882476807e-01	7.7753838049379159e-02
9.5036522409506913e-03	9.9999600001599987e-07	1.6804051695877047e-02	4.1031660686274771e-02	9.9999600001599987e-07	9.9999600001599987e-07	9.3265663539289745e-01	9.9999600001599987e-07
9.9999800000400001e-07	3.8759856029786294e-02	1.5028005201311376e-01	9.4004222941708890e-02	2.7175760584140205e-02	8.3411260252178016e-02	6.0636684818307285e-01	9.9999800000400001e-07
9.9999700000899981e-07	4.8592625932808935e-02	9.9999700000899981e-07	3.4576191384862211e-02	1.0467172468154753e-01	9.9999700000899981e-07	7.5938871924220908e-01	5.2767738767572188e-02
9.9999400003599911e-07	4.7905878305436925e-02	9.9999400003599911e-07	9.9999400003599911e-07	9.9999400003599911e-07	9.9999400003599911e-07	9.5208812173056279e-01	9.9999400003599911e-07
1.9870952759887185e-02	1.5346796854991423e-02	9.9999800000400001e-07	3.1524484746870252e-02	3.2049315407621917e-02	9.9999800000400001e-07	8.0705925355953168e-01	9.4147196675097619e-02
1.2422295235854655e-02	1.8854857065418416e-02	5.7224136322417463e-02	6.1933770609848268e-02	1.3754269192940219e-02	7.6535513162404615e-03	5.4872027334160767e-01	2.7943684691567305e-01
1.5671528005600007e-02	3.9423603001582930e-02	3.5089493901543652e-02	9.9999900000100027e-07	1.9716739475424360e-02	7.7145286260197377e-01	5.8768433732080093e-02	5.9876339282795156e-02
2.5423663930897742e-04	9.9999600001599987e-07	8.0233595686245180e-03	9.9999600001599987e-07	4.0300742378076515e-02	9.5141766142999018e-01	9.9999600001599987e-07	9.9999600001599987e-07
9.9999500002499978e-07	9.9999500002499978e-07	4.5740040190057202e-02	2.3821056333766653e-02	9.9999500002499978e-07	9.3043390350117627e-01	9.9999500002499978e-07	9.9999500002499978e-07
2.0970778936750703e-03	9.9999700000899981e-07	3.2780383776574121e-02	9.9999700000899981e-07	9.9999700000899981e-07	5.4023873926149801e-01	1.0802038755395306e-01	3.1686041152329963e-01
9.9999700000900002e-07	1.5422695290121413e-02	5.1622039798215703e-02	9.9999700000900002e-07	9.9999700000900002e-07	6.4340736756635120e-01	3.0603131980680386e-02	2.5894176537363134e-01
2.9639132890165718e-03	9.9999800000400022e-07	4.6109956697894409e-02	2.3881735789749198e-02	9.9999800000400022e-07	6.3221060060439038e-01	1.7419927921364242e-01	1.2063251440930697e-01
1.1597464089844953e-02	9.9999700000900044e-07	7.2742663549196215e-02	9.9999700000900044e-07	9.9999700000900044e-07	5.2334683813504834e-01	1.2556718428027611e-01	2.6674284995463438e-01
2.1587413417256635e-02	1.7771029424182700e-02	3.4259281787242951e-01	6.7845009883844343e-02	6.1269148857266309e-02	9.9999900000099985e-07	3.4881462340769720e-01	1.4011895713832315e-01
9.9999800000399980e-07	7.8255243738722224e-02	9.9999800000399980e-07	5.6495699996824349e-02	1.8121546166017338e-01	2.0660579129339704e-01	3.9774551097839278e-01	7.9680292336490044e-02
1.6281623711561038e-02	4.3989115393485066e-02	3.8594251318036746e-02	1.4356076315521700e-02	9.9999800000399980e-07	9.9999800000399980e-07	6.3896562620630515e-01	2.4781130705909032e-01
1.5034566918299764e-03	7.5744309322351655e-02	9.3615089426935336e-03	4.2451942814561765e-02	1.6416398891971701e-01	9.9999900000099985e-07	6.2732544721174366e-01	7.9448346098102390e-02
6.8554369899614049e-03	4.9450297294926261e-03	9.9999600001599966e-07	5.5016574251591899e-02	9.9999600001599966e-07	9.9999600001599966e-07	9.3317895904495407e-01	9.9999600001599966e-07
1.3209100470522232e-02	9.9999800000399980e-07	9.9999800000399980e-07	1.8239166194050419e-02	3.3235663249127793e-02	6.5901753912297772e-02	5.8496674124967862e-01	2.8444557492832312e-01
9.9999400003599954e-07	9.9999400003599954e-07	9.9999400003599954e-07	9.9999400003599954e-07	9.9999400003599954e-07	9.9999400003599954e-07	7.9808485184231459e-01	2.0190914819368527e-01
1.6305504005375164e-02	1.5514233356433428e-02	9.9999700000899981e-07	6.6535909538419383e-02	9.9999700000899981e-07	9.9999700000899981e-07	8.4834230312191128e-01	5.3299049986860830e-02
3.1644052287719973e-03	9.9999800000400022e-07	9.9999800000400022e-07	4.1893847198876309e-02	5.5855794338396304e-02	8.2314837121789594e-02	6.5793885021660736e-01	1.5883026589955843e-01
9.9999800000400022e-07	4.9698360865432438e-02	1.4726357810698712e-01	2.1917069961364669e-02	1.1704645834762772e-01	9.9999800000400022e-07	6.6204774549080281e-01	2.0247872317853428e-03
1.0211495001292169e-02	3.5290898281829089e-02	6.8528658105515117e-02	1.0256512869945028e-02	7.5291345462152173e-02	6.7845933303176301e-02	6.2280317717819567e-01	1.0977197979789453e-01
9.9999700000899981e-07	8.4250537401992773e-02	1.0168064729485675e-01	1.3813081879382369e-01	2.0332880756371544e-01	9.9999700000899981e-07	4.7260618895461121e-01	9.9999700000899981e-07
9.9999700000899981e-07	2.2572276350923941e-02	9.9999700000899981e-07	6.4669431642438394e-02	4.9550848285460233e-02	9.9999700000899981e-07	8.0289305194403882e-01	6.0311391786138716e-02
1.6486797533090226e-02	3.3307800105203442e-02	6.1182123278273687e-02	3.5573653050790389e-02	7.8611458394569969e-02	7.0505896612281432e-02	6.9039832394509182e-01	1.3933947080698936e-02
2.7978235455434427e-02	9.9999700000899960e-07	2.6590795400727809e-02	9.9999700000899960e-07	9.9999700000899960e-07	6.8639375072086950e-02	6.1227665693915012e-01	2.6451193714160059e-01
1.2589212520154956e-02	1.6721446813566299e-02	7.7143744460805866e-02	9.9999900000099985e-07	4.8632042732038368e-02	7.6280975285488761e-01	3.6567466804476575e-02	4.5535333815070224e-02
2.7098439787116645e-02	1.6508835564769175e-02	1.3615149462162598e-01	3.1960887957632558e-03	9.9999900000100027e-07	6.3206794704112101e-01	9.4804765609711544e-02	9.0171428580892402e-02
1.2763576568869013e-02	1.3087740200881695e-02	1.0593925431941097e-01	2.6171342588608267e-02	8.6260829034971426e-02	6.4607047291312703e-01	1.1809898041444182e-02	9.7896886332687408e-02
9.9999800000400044e-07	1.0898325520714246e-02	9.0218992746820617e-02	4.8024760090945914e-03	7.9307677876388566e-02	7.8433630100736162e-01	9.9999800000400044e-07	3.0434226843620415e-02
6.3303980418090407e-03	9.4460927059460392e-03	1.1117740238705785e-01	3.6728887839354999e-03	5.6775832019051897e-02	6.1221935698182628e-01	1.1382172555215496e-01	8.6556303528218470e-02
2.6857370140524108e-02	5.3041175241669576e-02	9.9999900000099985e-07	1.3515091993340209e-01	1.2644291231493382e-01	1.2723758696119311e-01	4.1325799645487121e-01	1.1801103895440593e-01
9.9999600001600008e-07	4.0225197715864920e-02	9.9999600001600008e-07	8.9284125642615092e-02	1.0352494874389342e-01	9.9999600001600008e-07	7.6696172791362671e-01	9.9999600001600008e-07
6.5471909718436416e-03	1.1232017582334532e-02	1.3373632869560836e-02	6.3457998909467128e-02	2.2480667468484603e-01	1.6282441215287775e-02	5.8871846164748753e-01	7.5581582119172583e-02
4.6544239447966268e-03	9.1405209612393373e-02	2.3047027984452080e-02	1.1014882033418873e-01	8.2485517903740480e-02	6.7145840109999771e-02	5.1139440433912642e-01	1.0971875577130250e-01
1.6414433701981743e-02	9.6798989520802597e-02	2.6680237738408402e-01	7.2611072399493076e-02	1.3498441736521122e-01	9.9999900000100027e-07	1.8410017100536585e-01	2.2828753862406140e-01
1.2853990164772561e-02	9.9999400003599996e-07	9.9999400003599996e-07	9.9999400003599996e-07	9.9999400003599996e-07	9.9999400003599996e-07	9.8714000987122741e-01	9.9999400003599996e-07
9.9999400003599975e-07	9.9999400003599975e-07	9.9999400003599975e-07	9.9999400003599975e-07	9.9999400003599975e-07	9.9999400003599975e-07	6.4150768356695242e-01	3.5848631646904727e-01
1.4345787991748578e-02	9.9999800000399980e-07	1.3277063728768604e-01	1.6598759944535323e-02	9.9999800000399980e-07	8.6578049340596680e-02	4.7037896079327507e-01	2.7932580464615814e-01
9.9999400003599996e-07	9.9999400003599996e-07	9.9999400003599996e-07	9.9999400003599996e-07	9.9999400003599996e-07	9.9999400003599996e-07	5.9774774621015192e-01	4.0224625382584794e-01
9.9999700000900002e-07	2.0734466251047983e-03	7.9175258083788128e-02	1.6704098765179137e-01	1.2864691407270651e-01	9.9999700000900002e-07	6.2306039357560938e-01	9.9999700000900002e-07
1.5577076709421534e-03	5.0649319383802391e-02	8.2977760666823108e-02	6.0265214618012639e-02	1.7909692525036294e-01	1.0600305179795297e-01	4.5444196926206998e-01	6.5008051350033860e-02
1.3772101882747814e-03	4.2209129769826652e-02	2.0330412939612935e-02	1.1475972121642083e-01	9.9999700000899981e-07	9.9999700000899981e-07	8.2132052589486482e-01	9.9999700000899981e-07
9.9999900000099985e-07	2.8970614015013243e-02	1.9853752379621761e-01	6.9141033531158344e-02	1.2442814784818666e-01	2.8471856345711247e-03	5.2458235653941632e-01	5.1492138636436612e-02
9.9999700000899960e-07	9.2450804021711783e-02	9.9999700000899960e-07	3.6331423414784797e-01	2.1854592140791673e-01	9.9999700000899960e-07	2.4717811211377561e-01	7.8507928317747902e-02
5.2105568480033601e-03	6.0421758536488819e-03	9.9999900000100006e-07	5.7497487404494874e-01	1.9160338111802875e-02	3.9703760220684371e-02	2.2268127906954871e-01	1.3222601585236293e-01
1.0345017768053747e-02	5.9044546041015181e-02	9.9999700000900002e-07	8.1562284868869306e-01	6.8342928755986312e-02	9.9999700000900002e-07	4.6641658755251690e-02	9.9999700000900002e-07
6.2651863404695838e-03	4.9439655541255408e-02	9.9999900000100006e-07	3.7280056313535470e-01	2.0065381954329156e-01	9.1329446692955230e-02	1.0966768079869781e-01	1.6984264794897566e-01
7.5026363442953718e-03	6.3317400999389400e-02	1.0327640032956358e-01	3.4085027081405994e-01	1.1984288543799769e-01	1.5291779316812354e-01	1.5090230486473963e-01	6.1390308041830870e-02
8.4786454227270842e-03	2.7843659119952069e-02	9.7771586518230549e-03	7.2428603127851376e-01	1.1018486087894107e-01	2.6842244305886262e-02	2.9783894325948808e-02	6.2803506016207877e-02
1.0538892847057550e-02	7.8799754545242143e-03	9.9999900000100006e-07	6.7251807164790867e-01	4.7088866822119491e-02	3.7541213451745992e-02	1.9868009547611629e-01	2.5751884301527833e-02
3.5678909056737242e-03	1.4884881703708183e-01	9.9999900000099985e-07	4.7755839809427841e-01	1.4426089623317123e-01	8.5806897282623681e-02	2.0468250462410884e-02	1.1948784998576013e-01
9.9999500002499999e-07	1.0401903694751120e-01	9.9999500002499999e-07	8.0740168889753172e-01	8.8574274179957155e-02	9.9999500002499999e-07	9.9999500002499999e-07	9.9999500002499999e-07
9.9999700000900023e-07	1.0010573622766293e-01	9.9999700000900023e-07	6.4894437037985397e-01	2.2025372618540021e-01	9.9999700000900023e-07	3.0049510328636366e-02	6.4365688744654728e-04
9.9999500002499978e-07	1.9289313126030661e-01	9.9999500002499978e-07	6.5691087294806394e-01	1.5019099581662962e-01	9.9999500002499978e-07	9.9999500002499978e-07	9.9999500002499978e-07
7.0508216490923394e-03	4.4272678286093478e-02	9.9999900000100027e-07	5.7821674618737373e-01	1.4596139988488607e-01	2.0254852126498177e-02	5.0545355155806430e-02	1.5369714671124976e-01
5.7178692596174998e-03	1.0913703196097357e-01	9.9999800000400001e-07	5.5189255102973067e-01	2.0582557119805300e-01	9.9999800000400001e-07	1.7855628277426022e-02	1.0956934827819918e-01
9.4873889972761759e-03	1.0460930054331859e-01	9.9999900000100027e-07	2.1941906064816943e-01	2.7427036195794630e-01	1.2079678693315488e-01	2.5865171128650577e-01	1.2764389634628925e-02
1.1651130324997289e-02	5.3043713811699263e-02	1.6284427301554502e-01	4.3411511193805874e-01	1.8685818601476206e-01	4.7847694816828067e-02	1.0363889007910965e-01	9.9999900000100048e-07
4.8668490890632510e-03	2.2890951812078142e-01	4.2918901341748056e-02	3.8294195798940744e-01	2.6027216586057078e-01	9.9999800000399980e-07	8.0088607602429140e-02	9.9999800000399980e-07
9.9999600001600008e-07	3.0803976705572320e-02	9.9999600001600008e-07	6.8749016260518936e-01	1.9204132724369885e-01	9.9999600001600008e-07	8.9660533461539405e-02	9.9999600001600008e-07
3.5971886240514103e-04	5.2964832866365863e-03	9.9999500002499978e-07	9.9433879787595847e-01	9.9999500002499978e-07	9.9999500002499978e-07	9.9999500002499978e-07	9.9999500002499978e-07
6.8486588875811150e-03	4.8127845680601002e-02	9.9999900000100006e-07	3.9858009488170720e-01	1.4181924368213619e-01	1.1894240082728724e-01	2.0734882852351783e-01	7.8331927518169392e-02
8.2724804294581952e-03	6.9909817292221552e-02	1.4433082944929893e-01	3.6067250722338984e-01	1.1875623497449410e-01	1.5440044275930065e-01	5.5949612687823447e-02	8.7708075184013287e-02
9.7332042862945112e-03	5.5733291079146062e-02	2.7095056468724479e-02	6.4418453291498134e-01	1.0354965590052069e-01	8.1742873252787590e-02	9.9999900000100027e-07	7.7960386098545220e-02
7.9975966233075137e-04	5.3790266588662830e-02	9.9999900000100027e-07	5.6695643801833429e-01	5.8181231232044038e-03	1.2660129524911179e-01	8.2211163500748863e-02	1.6382195385860701e-01
9.9999700000900066e-07	9.9999700000900066e-07	9.9999700000900066e-07	6.1620143355764434e-01	1.7426487344731675e-01	1.0529132363744786e-01	9.1188523056172768e-02	1.3050846310418283e-02
4.1073669251774650e-02	2.1105565331336566e-02	1.0868748946636760e-02	4.9086209294041605e-01	2.2229888153908675e-01	5.5164675200633104e-02	9.1594223522674309e-02	6.7032143267441738e-02
9.9999700000900044e-07	1.2221989679494449e-02	9.9999700000900044e-07	6.1561298661369990e-01	1.4503975351007209e-01	9.9999700000900044e-07	1.0986780409317358e-01	1.1725446611256009e-01
9.9999800000400044e-07	2.1748089779198804e-02	9.9999800000400044e-07	5.5956758982524624e-01	1.1251573864425328e-01	8.8579827572889180e-02	3.6856127646180611e-02	1.8073062653623201e-01
5.5973814396596813e-03	1.4206525902656847e-01	9.9999700000900002e-07	5.8769937722076904e-01	2.1689684129430800e-01	9.9999700000900002e-07	9.9999700000900002e-07	4.7738141027694823e-02
3.0449895359502450e-02	7.1810856068960441e-02	9.9999800000400022e-07	5.1776412131191241e-01	3.6158847456180859e-01	9.9999800000400022e-07	1.3586907854643185e-02	4.7977448471730327e-03
5.1510504408986699e-03	9.9999900000099964e-07	6.2481834939299300e-03	6.9898196084781772e-01	1.3087383462842883e-01	7.2269262574429652e-03	2.0143021220416980e-02	1.3137402311206478e-01
9.9999700000899939e-07	9.0059939977631842e-02	9.9999700000899939e-07	5.1897981140898675e-01	2.3977473166839702e-01	9.6643754353435599e-02	5.4538762600548830e-02	9.9999700000899939e-07
5.1016734560907235e-03	7.9050006143738978e-03	9.9999900000100006e-07	5.2562195531543698e-01	1.0927549749883508e-01	1.4229217252784940e-01	4.2455896844145226e-02	1.6734680374426852e-01
1.4420702888916358e-02	1.4339491878128671e-01	9.9999700000899960e-07	6.3170343730087719e-01	2.0137464297157706e-01	9.9999700000899960e-07	9.1032980663426338e-03	9.9999700000899960e-07
9.6092281938213349e-03	3.0355884703318931e-02	9.9999700000899981e-07	7.0780876498840362e-01	1.8584646642319208e-01	9.9999700000899981e-07	9.9999700000899981e-07	6.6376655700264242e-02
9.9999700000900023e-07	8.5699509025842557e-02	9.9999700000900023e-07	7.3508354647239682e-01	1.5547169333509342e-01	9.9999700000900023e-07	2.1306562707418979e-02	2.4356884682482098e-03
9.9999900000099985e-07	6.9911037977230389e-02	6.3693722024013143e-03	4.0813466659912834e-01	1.6589406741370405e-01	6.2862777435443379e-03	2.0556430526344230e-01	1.3783927280154923e-01
9.9999800000399980e-07	2.9064108297277729e-03	9.9999800000399980e-07	4.6619670026266369e-01	5.5035772372061670e-02	1.2088928959764694e-01	1.0468381624435698e-01	2.5028601069754280e-01
1.2150876396383554e-02	9.1156872608120873e-02	9.9999800000400001e-07	5.8448408170760302e-01	1.4054514890877265e-01	9.9999800000400001e-07	1.1651094010741270e-01	5.5150080275707183e-02
5.0136450942758534e-03	3.7791179893006982e-02	9.9999700000900023e-07	8.3569914497780629e-01	7.6433445679111048e-02	9.9999700000900023e-07	9.9999700000900023e-07	4.5059584364799912e-02
9.9999500002499978e-07	1.5467750362486894e-02	9.9999500002499978e-07	8.2143565692479770e-01	1.6309159273771562e-01	9.9999500002499978e-07	9.9999500002499978e-07	9.9999500002499978e-07
9.9999400003599996e-07	6.0750043620173756e-02	9.9999400003599996e-07	9.3924395641582648e-01	9.9999400003599996e-07	9.9999400003599996e-07	9.9999400003599996e-07	9.9999400003599996e-07
9.9999900000100027e-07	3.7239218899430111e-02	2.4217034725563033e-01	4.4763862373484209e-01	1.2505554074186939e-01	3.5686552683158984e-02	5.8664198107077452e-03	1.0634229687536137e-01
9.9999700000899981e-07	7.3147877407327325e-02	9.9999700000899981e-07	8.1147933020535890e-01	5.3298331618522772e-02	9.9999700000899981e-07	4.5985485952608804e-02	1.6085974825182304e-02
9.9999700000900002e-07	1.5906335579027989e-01	9.9999700000900002e-07	3.3427953199411875e-01	2.0487770109418163e-01	9.9999700000900002e-07	9.3325707713420164e-02	2.0845070341699951e-01
6.7573797411896539e-03	1.2040468030305763e-01	9.9999700000900002e-07	5.7444359605067774e-01	2.2332111376991262e-01	9.9999700000900002e-07	7.5070230144162323e-02	9.9999700000900002e-07
9.9999700000900023e-07	1.1612106876433967e-01	9.9999700000900023e-07	4.7880955431246880e-01	2.3600678773719555e-01	5.3463261738777940e-02	9.9999700000900023e-07	1.1559632745621809e-01
2.0432616885429269e-02	2.6115826914404135e-03	9.9999900000099985e-07	5.4965517146706655e-01	2.4287601632125363e-01	2.0604364744005108e-02	2.9463584436178091e-02	1.3435566345562688e-01
9.9999500002499978e-07	1.2686790875167596e-02	9.9999500002499978e-07	9.5623414152357222e-01	9.9999500002499978e-07	9.9999500002499978e-07	3.1074067626260114e-02	9.9999500002499978e-07
5.4563089422211058e-03	9.9999700000900044e-07	9.9999700000900044e-07	8.0686603596115958e-01	6.1128969186468332e-02	9.9999700000900044e-07	2.9130058933739322e-02	9.7415626985411646e-02
9.9999700000899981e-07	6.8547991613682357e-02	9.9999700000899981e-07	5.6534662782042133e-01	2.4666749219856893e-01	9.9999700000899981e-07	5.1944995996388188e-02	6.7489892379939270e-02
9.9999900000100027e-07	8.0223800006187923e-02	2.6740124277929118e-02	2.6091618792798993e-01	2.3353604344564977e-01	1.5451736408088676e-01	1.4091204374304969e-01	1.0315343651930671e-01
1.0478957595622682e-02	9.9999400003599975e-07	9.9999400003599975e-07	9.9999400003599975e-07	9.9999400003599975e-07	9.9999400003599975e-07	9.9999400003599975e-07	9.8951504244037713e-01
9.9999400003599975e-07	9.9999400003599975e-07	9.9999400003599975e-07	9.9999400003599975e-07	9.9999400003599975e-07	9.9999400003599975e-07	9.9999400003599975e-07	9.9999300004199976e-01
9.3770324231506122e-03	9.9999400003599996e-07	9.9999400003599996e-07	9.9999400003599996e-07	9.9999400003599996e-07	9.9999400003599996e-07	9.9999400003599996e-07	9.9061696761284923e-01
9.9999400003599975e-07	9.9999400003599975e-07	9.9999400003599975e-07	9.9999400003599975e-07	9.9999400003599975e-07	9.9999400003599975e-07	9.9999400003599975e-07	9.9999300004199976e-01
9.9999400003599975e-07	9.9999400003599975e-07	9.9999400003599975e-07	9.9999400003599975e-07	9.9999400003599975e-07	9.9999400003599975e-07	9.9999400003599975e-07	9.9999300004199976e-01
9.9999400003599975e-07	9.9999400003599975e-07	9.9999400003599975e-07	9.9999400003599975e-07	9.9999400003599975e-07	9.9999400003599975e-07	9.9999400003599975e-07	9.9999300004199976e-01
9.9999400003599975e-07	9.9999400003599975e-07	9.9999400003599975e-07	9.9999400003599975e-07	9.9999400003599975e-07	9.9999400003599975e-07	9.9999400003599975e-07	9.9999300004199976e-01
9.9999400003599975e-07	9.9999400003599975e-07	9.9999400003599975e-07	9.9999400003599975e-07	9.9999400003599975e-07	9.9999400003599975e-07	9.9999400003599975e-07	9.9999300004199976e-01
9.9999400003599975e-07	9.9999400003599975e-07	9.9999400003599975e-07	9.9999400003599975e-07	9.9999400003599975e-07	9.9999400003599975e-07	9.9999400003599975e-07	9.9999300004199976e-01
9.9999400003599975e-07	9.9999400003599975e-07	9.9999400003599975e-07	9.9999400003599975e-07	9.9999400003599975e-07	9.9999400003599975e-07	9.9999400003599975e-07	9.9999300004199976e-01
9.9999400003599975e-07	9.9999400003599975e-07	9.9999400003599975e-07	9.9999400003599975e-07	9.9999400003599975e-07	9.9999400003599975e-07	9.9999400003599975e-07	9.9999300004199976e-01
9.9999400003599975e-07	9.9999400003599975e-07	9.9999400003599975e-07	9.9999400003599975e-07	9.9999400003599975e-07	9.9999400003599975e-07	9.9999400003599975e-07	9.9999300004199976e-01
9.9999400003599975e-07	9.9999400003599975e-07	9.9999400003599975e-07	9.9999400003599975e-07	9.9999400003599975e-07	9.9999400003599975e-07	9.9999400003599975e-07	9.9999300004199976e-01
9.9999400003599975e-07	9.9999400003599975e-07	9.9999400003599975e-07	9.9999400003599975e-07	9.9999400003599975e-07	9.9999400003599975e-07	9.9999400003599975e-07	9.9999300004199976e-01
9.9999400003599975e-07	9.9999400003599975e-07	9.9999400003599975e-07	9.9999400003599975e-07	9.9999400003599975e-07	9.9999400003599975e-07	9.9999400003599975e-07	9.9999300004199976e-01
9.9999400003599975e-07	9.9999400003599975e-07	9.9999400003599975e-07	9.9999400003599975e-07	9.9999400003599975e-07	9.9999400003599975e-07	9.9999400003599975e-07	9.9999300004199976e-01
9.9999400003599975e-07	9.9999400003599975e-07	9.9999400003599975e-07	9.9999400003599975e-07	9.9999400003599975e-07	9.9999400003599975e-07	9.9999400003599975e-07	9.9999300004199976e-01
9.9999400003599975e-07	9.9999400003599975e-07	9.9999400003599975e-07	9.9999400003599975e-07	9.9999400003599975e-07	9.9999400003599975e-07	9.9999400003599975e-07	9.9999300004199976e-01
4.2867738533616508e-04	9.9999400003599996e-07	9.9999400003599996e-07	9.9999400003599996e-07	9.9999400003599996e-07	9.9999400003599996e-07	9.9999400003599996e-07	9.9956532265066367e-01
9.9999400003599975e-07	9.9999400003599975e-07	9.9999400003599975e-07	9.9999400003599975e-07	9.9999400003599975e-07	9.9999400003599975e-07	9.9999400003599975e-07	9.9999300004199976e-01
9.9999400003599975e-07	9.9999400003599975e-07	9.9999400003599975e-07	9.9999400003599975e-07	9.9999400003599975e-07	9.9999400003599975e-07	9.9999400003599975e-07	9.9999300004199976e-01
9.9999400003599975e-07	9.9999400003599975e-07	9.9999400003599975e-07	9.9999400003599975e-07	9.9999400003599975e-07	9.9999400003599975e-07	9.9999400003599975e-07	9.9999300004199976e-01
1.5917738121966785e-02	9.9999400003599932e-07	9.9999400003599932e-07	9.9999400003599932e-07	9.9999400003599932e-07	9.9999400003599932e-07	9.9999400003599932e-07	9.8407626191403297e-01
9.9999400003599975e-07	9.9999400003599975e-07	9.9999400003599975e-07	9.9999400003599975e-07	9.9999400003599975e-07	9.9999400003599975e-07	9.9999400003599975e-07	9.9999300004199976e-01
1.3669867689428529e-02	9.9999400003599954e-07	9.9999400003599954e-07	9.9999400003599954e-07	9.9999400003599954e-07	9.9999400003599954e-07	9.9999400003599954e-07	9.8632413234657124e-01
9.9999400003599975e-07	9.9999400003599975e-07	9.9999400003599975e-07	9.9999400003599975e-07	9.9999400003599975e-07	9.9999400003599975e-07	9.9999400003599975e-07	9.9999300004199976e-01
4.7501939909466171e-03	9.9999400003599932e-07	9.9999400003599932e-07	9.9999400003599932e-07	9.9999400003599932e-07	9.9999400003599932e-07	9.9999400003599932e-07	9.9524380604505325e-01
9.9999400003599975e-07	9.9999400003599975e-07	9.9999400003599975e-07	9.9999400003599975e-07	9.9999400003599975e-07	9.9999400003599975e-07	9.9999400003599975e-07	9.9999300004199976e-01
9.9999400003599975e-07	9.9999400003599975e-07	9.9999400003599975e-07	9.9999400003599975e-07	9.9999400003599975e-07	9.9999400003599975e-07	9.9999400003599975e-07	9.9999300004199976e-01
9.9999400003599975e-07	9.9999400003599975e-07	9.9999400003599975e-07	9.9999400003599975e-07	9.9999400003599975e-07	9.9999400003599975e-07	9.9999400003599975e-07	9.9999300004199976e-01
9.9999400003599975e-07	9.9999400003599975e-07	9.9999400003599975e-07	9.9999400003599975e-07	9.9999400003599975e-07	9.9999400003599975e-07	9.9999400003599975e-07	9.9999300004199976e-01
9.9999400003599975e-07	9.9999400003599975e-07	9.9999400003599975e-07	9.9999400003599975e-07	9.9999400003599975e-07	9.9999400003599975e-07	9.9999400003599975e-07	9.9999300004199976e-01
9.9999400003599975e-07	9.9999400003599975e-07	9.9999400003599975e-07	9.9999400003599975e-07	9.9999400003599975e-07	9.9999400003599975e-07	9.9999400003599975e-07	9.9999300004199976e-01
1.0628774252615799e-02	9.9999500002500042e-07	9.9999500002500042e-07	9.9999500002500042e-07	6.8129294905020735e-03	9.9999500002500042e-07	9.9999500002500042e-07	9.8255329628188215e-01
