375 7
9.9999500002499999e-07	9.9999500002499999e-07	3.9909252397335251e-05	9.9999500002499999e-07	9.9995509077260269e-01	9.9999500002499999e-07	9.9999500002499999e-07
9.9999500002499999e-07	9.9999500002499999e-07	6.8527741126209601e-02	9.9999500002499999e-07	9.3146725889879056e-01	9.9999500002499999e-07	9.9999500002499999e-07
9.9999500002499999e-07	9.9999500002499999e-07	9.9999500002499999e-07	8.9360571427357579e-06	9.9998606396785739e-01	9.9999500002499999e-07	9.9999500002499999e-07
9.9999500002499915e-07	9.9999500002499915e-07	3.7163172747167858e-05	9.9999500002499915e-07	9.9995783685225303e-01	9.9999500002499915e-07	9.9999500002499915e-07
9.9999700000900002e-07	9.9999700000900002e-07	1.8185146361554883e-01	9.9999700000900002e-07	6.2640784514089265e-01	1.8294705030122063e-01	8.7906409513379049e-03
9.9999600001599966e-07	9.9999600001599966e-07	9.9999600001599966e-07	9.9999600001599966e-07	9.9997373404396062e-01	2.1005893893809633e-05	1.2600781454754555e-06
9.9999500002499957e-07	9.9999500002499957e-07	1.3514981970143658e-01	9.9999500002499957e-07	8.6484518032356339e-01	9.9999500002499957e-07	9.9999500002499957e-07
9.9999500002499999e-07	9.9999500002499999e-07	9.9999500002499999e-07	9.9999500002499999e-07	9.9999400003000005e-01	9.9999500002499999e-07	9.9999500002499999e-07
9.9999500002499978e-07	9.9999500002499978e-07	9.9999500002499978e-07	1.0381852310819892e-05	9.9998461817268924e-01	9.9999500002499978e-07	9.9999500002499978e-07
9.9999700000899960e-07	1.8512356070232586e-01	1.1026917071354732e-01	9.9999700000899960e-07	5.4692437084448176e-01	1.5767989774864519e-01	9.9999700000899960e-07
9.9999500002499978e-07	9.9999500002499978e-07	4.7510070889783471e-03	9.9999500002499978e-07	9.9524399293602173e-01	9.9999500002499978e-07	9.9999500002499978e-07
6.3119125868171089e-02	9.9999700000900002e-07	1.7572861480951441e-01	9.9999700000900002e-07	5.9759523487529587e-01	9.9999700000900002e-07	1.6355402445601858e-01
1.3569989095926668e-01	3.0253183300382975e-02	9.9999700000900023e-07	9.9999700000900023e-07	7.0941811553025880e-01	1.2462581021909168e-01	9.9999700000900023e-07
8.9569153727332276e-02	1.7406195754373735e-01	7.5949773247148508e-02	9.9999900000100027e-07	5.0236146568988072e-01	1.2281302635829038e-01	3.5243623434610905e-02
9.9999500002499999e-07	9.9999500002499999e-07	9.9999500002499999e-07	9.9999500002499999e-07	9.9999400003000005e-01	9.9999500002499999e-07	9.9999500002499999e-07
9.9999600001600008e-07	9.9999600001600008e-07	2.8711896507919332e-01	9.9999600001600008e-07	5.0470592455464081e-01	2.0817111038216596e-01	9.9999600001600008e-07
9.9999500002499915e-07	9.9999500002499915e-07	3.1186818081191553e-01	9.9999500002499915e-07	6.8812681921308450e-01	9.9999500002499915e-07	9.9999500002499915e-07
1.6989114895562929e-01	9.9999600001600008e-07	9.9999600001600008e-07	9.9999600001600008e-07	6.8680599886454707e-01	1.4329885219582378e-01	9.9999600001600008e-07
9.9999500002499957e-07	9.9999500002499957e-07	1.9280564419112131e-04	9.9999500002499957e-07	9.9980219438080886e-01	9.9999500002499957e-07	9.9999500002499957e-07
9.9999500002500021e-07	9.9999500002500021e-07	9.9999500002500021e-07	9.9999500002500021e-07	9.9979065064169226e-01	2.0434938330762315e-04	9.9999500002500021e-07
9.9999600001599966e-07	2.9301779056904628e-06	9.9999600001599966e-07	9.9999600001599966e-07	9.9998338589182201e-01	9.9999600001599966e-07	9.6839462722333769e-06
1.1166222525782531e-01	9.9999800000400001e-07	4.5436941814366694e-02	1.9001007080123111e-01	5.2304799641077637e-01	1.2984076571980063e-01	9.9999800000400001e-07
9.9999600001599987e-07	9.9999600001599987e-07	6.0445038589530786e-06	9.9999600001599987e-07	9.9997444035972038e-01	1.5515152420781352e-05	9.9999600001599987e-07
9.9999500002499957e-07	9.9999500002499957e-07	2.1334197698967253e-05	9.9999500002499957e-07	9.9997366582730107e-01	9.9999500002499957e-07	9.9999500002499957e-07
9.9999500002499957e-07	9.9999500002499957e-07	9.9999500002499957e-07	1.0352851540297417e-05	9.9998464717345981e-01	9.9999500002499957e-07	9.9999500002499957e-07
9.9999600001599945e-07	9.9999600001599945e-07	3.4179770469803340e-04	9.9999600001599945e-07	9.9934068064038184e-01	3.1352167092009789e-04	9.9999600001599945e-07
9.9999600001600008e-07	9.9999600001600008e-07	1.9103458608369327e-04	9.9999600001600008e-07	9.9915768194365417e-01	6.4728348626216662e-04	9.9999600001600008e-07
9.9999700000900002e-07	9.9999700000900002e-07	1.2160823647004515e-01	9.9999700000900002e-07	6.0332622344436648e-01	2.5057458473635408e-01	2.4487955358234267e-02
9.9999500002499999e-07	9.9999500002499999e-07	9.9999500002499999e-07	9.9999500002499999e-07	9.9999400003000005e-01	9.9999500002499999e-07	9.9999500002499999e-07
9.9999500002499999e-07	9.9999500002499999e-07	9.9999500002499999e-07	9.9999500002499999e-07	9.9999400003000005e-01	9.9999500002499999e-07	9.9999500002499999e-07
9.9999500002499999e-07	9.9999500002499999e-07	9.9999500002499999e-07	9.9999500002499999e-07	9.9999400003000005e-01	9.9999500002499999e-07	9.9999500002499999e-07
9.9999500002499999e-07	9.9999500002499999e-07	9.9999500002499999e-07	9.9999500002499999e-07	9.9999400003000005e-01	9.9999500002499999e-07	9.9999500002499999e-07
9.9999500002499936e-07	9.9999500002499936e-07	6.5715872483374071e-02	9.9999500002499936e-07	9.3427912754162612e-01	9.9999500002499936e-07	9.9999500002499936e-07
1.8962593319871240e-03	9.9999700000899981e-07	9.9999700000899981e-07	2.9592764012901790e-01	9.9999700000899981e-07	2.4292771421141578e-02	6.7788032912685348e-01
1.1425839433448158e-01	3.5666673444022641e-02	2.3553243256107222e-03	2.4217162243739712e-01	3.1137043654850871e-02	3.0266777827442731e-02	5.4414416397619425e-01
9.9999500002499999e-07	9.9999500002499999e-07	9.9999500002499999e-07	2.2823632191859769e-01	9.9999500002499999e-07	9.9999500002499999e-07	7.7175867810640231e-01
9.9999700000900002e-07	3.2844745280028280e-02	9.9999700000900002e-07	5.2113917048836209e-02	1.6491341329812337e-02	9.9999700000900002e-07	8.9854699635032320e-01
9.9999700000900002e-07	9.9999700000900002e-07	1.2922597416097270e-02	9.9999700000900002e-07	2.7678146319666348e-03	4.0645724045371930e-02	9.4366086391556425e-01
9.9999500002499978e-07	9.9999500002499978e-07	9.9999500002499978e-07	2.3298240092956607e-01	9.9999500002499978e-07	9.9999500002499978e-07	7.6701259909543384e-01
1.4963638686334596e-01	7.7548721783873578e-02	3.2619588459007413e-02	9.2964805304690326e-02	4.8225053735716783e-02	9.2061304896052156e-03	5.8979931336376079e-01
1.4439769268779409e-01	1.5267469930243041e-01	4.7304929843710673e-02	5.7895381946522453e-02	9.2960634007480166e-03	9.9999900000099985e-07	5.8843023281979434e-01
9.9999500002499978e-07	9.9999500002499978e-07	9.9999500002499978e-07	9.9999500002499978e-07	9.9999500002499978e-07	9.9999500002499978e-07	9.9999400002999983e-01
3.6881822770946600e-02	9.9999600001599987e-07	9.9999600001599987e-07	1.2503599383389416e-01	9.9999600001599987e-07	9.9999600001599987e-07	8.3807818341115914e-01
2.8548863306413641e-01	1.5214725730506726e-01	1.8500024569861610e-02	3.3649584654760360e-02	5.6197680112034893e-03	9.9999900000099985e-07	5.0459373239597083e-01
9.9999500002499957e-07	9.9999500002499957e-07	9.9999500002499957e-07	6.9490360057253078e-03	9.9999500002499957e-07	9.9999500002499957e-07	9.9304596401927459e-01
6.9256351972061522e-02	7.5692063168403018e-02	9.9999700000900002e-07	6.2059424833884058e-01	9.9999700000900002e-07	9.9999700000900002e-07	2.3445433652969486e-01
1.1677743676797461e-01	2.7806677662270751e-02	2.5092846415157157e-02	9.0678818310454434e-02	9.4310579568092476e-04	5.7535860393117831e-02	6.8116525465534439e-01
1.0313416387593365e-01	9.9999800000400022e-07	2.0523327450421177e-02	2.1246006411553428e-01	9.4288757276976831e-03	9.9999800000400022e-07	6.5445156883441336e-01
9.9999500002499999e-07	9.9999500002499999e-07	9.9999500002499999e-07	9.9999500002499999e-07	9.9999500002499999e-07	6.8077640537157862e-03	9.9318723597128411e-01
5.9505298968634233e-02	1.4528015759568108e-01	7.9805045650221153e-03	2.7910168225036019e-01	9.9999900000100027e-07	8.9793388268937426e-03	4.9915201779440871e-01
4.6531055791428189e-02	9.9999700000900002e-07	9.9999700000900002e-07	1.3702476025562116e-01	9.9999700000900002e-07	1.9123760139010163e-03	8.1452880794804972e-01
1.8872675163241693e-02	9.9999600001600008e-07	9.9999600001600008e-07	1.6208826103301011e-01	9.9999600001600008e-07	9.9999600001600008e-07	8.1903506381974811e-01
9.9999500002499957e-07	9.9999500002499957e-07	9.9999500002499957e-07	6.7293035557980177e-02	9.9999500002499957e-07	9.9999500002499957e-07	9.3270196446701981e-01
1.5336914219794178e-02	9.9999800000400001e-07	1.7193424034558816e-02	2.4900153166266401e-01	8.8266976063836858e-04	9.9999800000400001e-07	7.1758346032634479e-01
3.2539115744249239e-02	1.3442957919643300e-01	9.9999700000900002e-07	3.9892644065237676e-01	9.9999700000900002e-07	9.9999700000900002e-07	4.3410186441594090e-01
1.5156059251695503e-01	7.0265642885377705e-02	9.9999700000900002e-07	1.3016307652107709e-01	9.9999700000900002e-07	9.9999700000900002e-07	6.4800768808559017e-01
5.4926538510503109e-02	1.2338979558617548e-01	2.5358154905093178e-02	1.5768174357836495e-01	9.9999800000400022e-07	9.9999800000400022e-07	6.3864176742386347e-01
9.9999600001600008e-07	9.0799548676655806e-01	6.9963632272623325e-02	9.9999600001600008e-07	2.2036880976818760e-02	9.9999600001600008e-07	9.9999600001600008e-07
9.9999900000100027e-07	4.0068885418996014e-01	7.3478880517152956e-02	1.4374635711327652e-01	5.5502020881624835e-02	6.4525390449344411e-02	2.6205749684964119e-01
3.1244069898147868e-02	2.3147726043710179e-01	8.3242033849588570e-03	3.3062262434528533e-01	4.3551135534823392e-02	1.2829417417889005e-01	2.2648653222079279e-01
1.1796080562434272e-01	4.6343954045089425e-01	1.0539566855212804e-01	1.7651781048340820e-01	5.5773373437475258e-02	1.9520244783789640e-02	6.1392556667961937e-02
9.3320649599651518e-03	5.1952428607353229e-01	5.5900751804408490e-02	7.5851218389135791e-02	3.8452571028336498e-02	6.2868568253244012e-03	2.9465225091929736e-01
8.8534304812898132e-02	3.8416870510013318e-01	5.4801415831896280e-02	2.5206440101349781e-01	9.9999900000100006e-07	8.4328676723569904e-02	1.3610149651900461e-01
1.5581250299797855e-01	3.9054751252325959e-01	3.1202817990991245e-02	2.1128968527837794e-01	9.3968239384898622e-02	1.1717824182549426e-01	9.9999900000100048e-07
1.5863524516502350e-01	4.3068396089238326e-01	9.9462903926066284e-02	2.5340585591011554e-02	5.5071226334654194e-02	1.1986608507929478e-01	1.1093999301156650e-01
9.9999900000100006e-07	5.8587224857728015e-01	4.4657661680427035e-02	9.0124380136500995e-02	2.6243562589901522e-02	3.9926567407208367e-02	2.1317457960968186e-01
6.9230011175747050e-02	5.8472937366910027e-01	8.7843781619822106e-02	9.9999800000400001e-07	9.4535280619918782e-02	1.6365955291941198e-01	9.9999800000400001e-07
1.6295860522833158e-01	9.9999800000400022e-07	2.1406645417848947e-03	1.5126058209518897e-01	9.9999800000400022e-07	7.3703594050364751e-02	6.0993455408832975e-01
3.5003905185615240e-02	7.0694951396105987e-02	1.8450922426718662e-02	5.1716857074167212e-02	9.8158037898603712e-03	9.9999900000099985e-07	8.1431656012853249e-01
2.6565301433030142e-02	1.8319299506655898e-02	9.9999700000900002e-07	4.4435941715132149e-01	9.9999700000900002e-07	9.9999700000900002e-07	5.1075298191799245e-01
9.9999600001599966e-07	8.7709626687014638e-02	9.9999600001599966e-07	2.2969486839512943e-01	9.9999600001599966e-07	9.9999600001599966e-07	6.8259150493385601e-01
2.2465934978623661e-02	7.6423037133876201e-02	7.7479570243873140e-03	2.1913145843794088e-01	2.6342730427397782e-02	2.2741754207762380e-02	6.2514712779001180e-01
9.9999700000900002e-07	9.9999700000900002e-07	9.9999700000900002e-07	5.5554755626365068e-02	1.8283187472702082e-02	4.8509629742463721e-02	8.7764942716746930e-01
1.1608258512761427e-01	1.5489231713635868e-01	7.9976820897988382e-02	4.2239691978080265e-02	5.1106798651852269e-02	9.9999900000099985e-07	5.5570078620910612e-01
1.3199886632567642e-01	9.9999700000899981e-07	6.7823271260212453e-02	9.9999700000899981e-07	7.8310444181501175e-03	9.9999700000899981e-07	7.9234381800496101e-01
8.1123113228685012e-02	4.4946884904060978e-02	6.5194209877285983e-02	9.9999800000400001e-07	2.2366708182195376e-02	9.9999800000400001e-07	7.8636708381177256e-01
9.9999700000900023e-07	9.9999700000900023e-07	3.8517927395428898e-02	4.8371606832706596e-02	2.7286039767580018e-02	9.9999700000900023e-07	8.8582142601328462e-01
8.7716498590717493e-02	9.9999600001600030e-07	6.9707342019746064e-03	9.9999600001600030e-07	9.9999600001600030e-07	9.9999600001600030e-07	9.0530876722330789e-01
5.5540415139169241e-02	1.2457564819159396e-01	9.9999700000899960e-07	2.0520881706945726e-01	9.9999700000899960e-07	9.9999700000899960e-07	6.1467211960877954e-01
6.5183883429185341e-01	9.9999900000100006e-07	2.8654651284711792e-02	7.4910031574017294e-02	5.4807265219243154e-03	7.2386239861197974e-03	2.3187613234237331e-01
4.8759948304220507e-01	6.3502117572756825e-02	9.9999800000400001e-07	2.0641426464347593e-01	1.0996535298164387e-02	9.9999800000400001e-07	2.3148559944739774e-01
5.3191834407937406e-02	4.0162064124220631e-01	1.0188739778234590e-01	2.2404663077924963e-01	1.7047800837201380e-02	1.3716378891563225e-01	6.5041906035427283e-02
9.9999800000400001e-07	6.4498228332850105e-01	4.3167211734870960e-02	2.3959620635262552e-01	7.0974509261192850e-02	1.2777893268096957e-03	9.9999800000400001e-07
8.0567324942813889e-03	5.7251302279377880e-01	2.4793595965660033e-02	2.4997555465997087e-01	3.0475123188038279e-02	6.3708507095468728e-02	5.0477463802801964e-02
9.9999700000899981e-07	6.4905762236113729e-01	7.7186482948794636e-04	3.3492966610407093e-01	1.5237846714304022e-02	9.9999700000899981e-07	9.9999700000899981e-07
9.9999800000400001e-07	6.1655531147534071e-01	6.7999056594295254e-02	2.0510540483667902e-01	5.7185030330742646e-02	5.3153196766942502e-02	9.9999800000400001e-07
1.0796486611295761e-01	5.4855495945866661e-01	7.1355728090045395e-02	1.1757889471449125e-01	4.5367955799966962e-02	8.0386157231937677e-02	2.8791438591934504e-02
1.2348329601820206e-02	7.8247738572515801e-01	6.1445547676889110e-02	9.9999800000400001e-07	2.3287279587081478e-02	9.9999800000400001e-07	1.2043945741305133e-01
1.4990981978642864e-01	4.6551537936691917e-01	1.0614089786389999e-01	6.4997876937237367e-02	5.3928416487731314e-02	4.3475083840285672e-02	1.1603252571749789e-01
9.9999800000400001e-07	6.0448099565022040e-01	5.4121020689540493e-02	1.5166808398295356e-01	7.2137705305673150e-02	1.1759019437561243e-01	9.9999800000400001e-07
9.9999800000399980e-07	7.7584939990791968e-01	3.3197981519787916e-02	1.0330341664799302e-01	7.8684985125186291e-02	9.9999800000399980e-07	8.9622168031129792e-03
9.9999800000400001e-07	6.8451505059987938e-01	4.3039022935271135e-02	1.8035387666249489e-01	4.0896642653820835e-02	5.1193407152533892e-02	9.9999800000400001e-07
5.7279636966842885e-02	4.6723724910771608e-01	7.3044030471430127e-02	3.2312613731323536e-01	3.4704337913424928e-02	1.9821937440590198e-02	2.4786670786760376e-02
3.4845055799706801e-02	8.3388918691129590e-02	9.9999900000100006e-07	4.7087941750179954e-02	3.9987225012314664e-02	1.6276760556739982e-02	7.7841309819092908e-01
9.2500911539847869e-03	9.9999600001599987e-07	9.9999600001599987e-07	9.9999600001599987e-07	9.9999600001599987e-07	3.9414648769066411e-02	9.5133126009294877e-01
4.6760352715291380e-02	9.9999600001599966e-07	2.3540708044514771e-02	9.9999600001599966e-07	9.9999600001599966e-07	9.9999600001599966e-07	9.2969493925619384e-01
3.2145186098530953e-02	1.1434050240378792e-01	9.9999700000900002e-07	3.0814987127662052e-01	9.9999700000900002e-07	9.9999700000900002e-07	5.4536144023006061e-01
5.2236217456816773e-02	9.9999700000900023e-07	9.9999700000900023e-07	2.7310683251492263e-01	1.9038945476757999e-02	9.9999700000900023e-07	6.5561500456050270e-01
4.6267913998268656e-02	1.5430913420948772e-01	3.1078636265933764e-02	1.3010561932632836e-01	9.9999800000399980e-07	9.9999800000399980e-07	6.3823669620398160e-01
7.2262457365443719e-02	1.4825612616574915e-01	9.9999700000900002e-07	2.5533480530885433e-01	9.9999700000900002e-07	9.9999700000900002e-07	5.2414361116895292e-01
3.4204314221406451e-01	3.2806367130925029e-01	7.2951986900632496e-02	1.5850829788643991e-01	2.6762033150743148e-02	6.5685181432006245e-02	5.9856871068633974e-03
9.9999900000099985e-07	2.9589585832144621e-01	6.5313056199060457e-02	1.2724657030306732e-01	8.9236023635233419e-02	1.9307167218091281e-01	2.2923581936127979e-01
3.9572221345426081e-02	5.6750874399862050e-01	3.0037002929209314e-02	2.9322840559016700e-01	6.0460384076830319e-02	2.7759228099374688e-03	6.4173192498093862e-03
1.0704015360506332e-02	5.2378394839234965e-01	5.3924715101036941e-02	1.3077428531945484e-01	9.1900267923883353e-02	1.7769574349577921e-01	1.1217024406989764e-02
9.9999700000899981e-07	8.6888149525621128e-01	6.4215843087316135e-02	2.8355096972531288e-02	3.8544564692941305e-02	9.9999700000899981e-07	9.9999700000899981e-07
9.9999900000100006e-07	5.0827423941176442e-01	3.2778625972405509e-02	3.1682724070764184e-01	6.6066142678918253e-03	4.6014362453933887e-02	8.9497917187362538e-02
9.9999500002499936e-07	8.0454245201673358e-01	9.9999500002499936e-07	1.9545254800826645e-01	9.9999500002499936e-07	9.9999500002499936e-07	9.9999500002499936e-07
9.9999700000900002e-07	7.0420160963906886e-01	9.4217108019770804e-02	1.5803227624803523e-01	4.3546006102125119e-02	9.9999700000900002e-07	9.9999700000900002e-07
1.5116044636990615e-03	5.4268143244864320e-01	5.2578984511516276e-02	2.1054140518880352e-01	1.4607395955564106e-02	7.1342176956134734e-02	1.0673700047563912e-01
1.5040178556714437e-01	5.0770640672828804e-01	3.4199902581121169e-02	9.8508513007709672e-02	7.1637340477861564e-02	1.3754505163887529e-01	9.9999900000099985e-07
6.8176025304320875e-02	5.4910886023459771e-01	2.1910266385772013e-02	1.4278467537228576e-01	4.8601917200527291e-02	8.2696054248395254e-02	8.6722201254101197e-02
1.0219037785036089e-01	4.4298128988712437e-01	1.4004101554684784e-01	9.9999800000400001e-07	9.5313617139578435e-02	2.1947169958008858e-01	9.9999800000400001e-07
8.2282723468023403e-03	5.9523448772852627e-01	8.2464703087662475e-02	1.9009177808424876e-01	4.7198635432102717e-02	7.6781123321657582e-02	9.9999900000100006e-07
6.1377136439730431e-02	5.9395669335529022e-01	4.8087917467875788e-02	6.5174279308609445e-02	5.0782955535682385e-02	9.0376974032649576e-02	9.0244043860162382e-02
2.0474910156307421e-02	6.2133487593893688e-01	9.9999800000400001e-07	2.3984915487222408e-01	6.3826218044847321e-03	9.9999800000400001e-07	1.1195643723204690e-01
7.7869332456677223e-02	4.7479028032910597e-02	9.9999900000100027e-07	4.4975959319063744e-02	1.7202772784631237e-02	4.8175964055125114e-02	7.6429594335259221e-01
1.3651174875722577e-01	1.3270716563512935e-01	4.6679126334246753e-03	8.2468391218930348e-02	1.5612369667328754e-02	9.9999900000099985e-07	6.2803141208896107e-01
1.0669061074004717e-01	2.8305495372531582e-02	2.7155020202655016e-02	9.5772104244770728e-02	1.2339560076572876e-02	8.5371747063368933e-02	6.4436546230005354e-01
9.0059966211000694e-02	9.9999900000099985e-07	5.0796847733976854e-03	2.5430176599890674e-02	9.8444607172618326e-03	7.9075661207596112e-02	7.9050905049185294e-01
1.1118583983659808e-01	9.0049766544158485e-02	6.4906121293310422e-03	9.6834565972989020e-02	1.1404903226853664e-02	5.9261889418098339e-02	6.2477242287197143e-01
9.9999900000099985e-07	3.7777953841167705e-01	1.4382819312245654e-01	1.4696528015905533e-01	6.3810065439914812e-02	1.3045634203092826e-01	1.3715958083696789e-01
9.9999700000900023e-07	7.1742330172306845e-01	8.9371710595319842e-02	9.9999700000900023e-07	6.0477963743690244e-02	1.3272402394692165e-01	9.9999700000900023e-07
1.3827700792127402e-02	4.9509292608273570e-01	7.4010937798455190e-02	1.2225076767093586e-01	2.7061281686944941e-02	2.3661081080228380e-01	3.1145575166517052e-02
2.2639925833938555e-02	4.1901552407212639e-01	1.2043357953486480e-01	1.5761272852100494e-01	1.0253138724664972e-01	9.6465643114122396e-02	8.1301211677293109e-02
2.6694980732148144e-01	1.7805370000099768e-01	7.5448876978642374e-02	2.3950438624410320e-01	1.0067230220940565e-01	1.3936992724636965e-01	9.9999900000099985e-07
9.9999500002500021e-07	9.9999400003000027e-01	9.9999500002500021e-07	9.9999500002500021e-07	9.9999500002500021e-07	9.9999500002500021e-07	9.9999500002500021e-07
9.9999500002499978e-07	6.4007254526336410e-01	9.9999500002499978e-07	3.5992245476163603e-01	9.9999500002499978e-07	9.9999500002499978e-07	9.9999500002499978e-07
1.3166991159874583e-01	4.2090008592424294e-01	3.1641843656231822e-02	3.0475578400725978e-01	8.2082480354894946e-03	9.9999900000099985e-07	1.0282312677903001e-01
9.9999800000400001e-07	5.3670947059456620e-01	9.9999800000400001e-07	4.1457688883759675e-01	1.7957412469738910e-05	2.8175628893078768e-02	2.0518054266288558e-02
7.9100690265523743e-02	5.8962070974826053e-01	1.6951027317339598e-01	9.9999800000399980e-07	1.9174995969353324e-02	1.4259133084746639e-01	9.9999800000399980e-07
8.3059010906546174e-02	3.7176799038345548e-01	6.9339473557331444e-02	1.0857097808679891e-01	6.3463842750470414e-02	1.8927098920680729e-01	1.1452771510859028e-01
2.5830009157396111e-02	6.9776321480994674e-01	1.3530869320202218e-01	7.2192065505402483e-02	6.8904017329232417e-02	9.9999800000400022e-07	9.9999800000400022e-07
1.9820902015117944e-01	4.0960860371771635e-01	7.8656819480323895e-02	1.0519015004652936e-01	4.5000989253381141e-02	1.3833012710614939e-01	2.5004290244720569e-02
9.9999800000400001e-07	1.8298659558179134e-01	3.6973237835532613e-01	1.1944188268071601e-01	9.9957064657476183e-02	2.2788007872869037e-01	9.9999800000400001e-07
9.9999900000099985e-07	2.0225988292407948e-01	5.8004917255645361e-01	1.4179022088698182e-01	1.2320718637051895e-02	1.8085434993140210e-02	4.5493570003292905e-02
9.9999700000899981e-07	5.5644053423748764e-02	8.1744798697655319e-01	9.9999700000899981e-07	5.9755878770942253e-02	6.7149080837756017e-02	9.9999700000899981e-07
9.9999900000099985e-07	9.1300906895278769e-02	3.7515374123997375e-01	1.7981835505125515e-01	5.1575228786571829e-02	2.0539291505045532e-01	9.6757852977465211e-02
1.0363599835859195e-01	1.2541530208314969e-01	3.4298029778924610e-01	7.8909491734698259e-02	6.7536556221727814e-02	1.2581775137026904e-01	1.5570460244231735e-01
1.0311765208289825e-02	3.5470070711799799e-02	7.2382304818406218e-01	6.6843478853773203e-02	2.7817339808744252e-02	1.1467025881529319e-01	2.1064038418037528e-02
9.9999900000100006e-07	1.8134378905315118e-01	6.7651426140138404e-01	3.9495449322687101e-02	1.2909272398965495e-02	5.0072145599904798e-02	3.9664082224907332e-02
9.9999900000099985e-07	1.8046399466552555e-02	4.7989900230048682e-01	1.2233451001675628e-01	1.5015828507673468e-01	1.4208108065257413e-01	8.7479722487895345e-02
9.9999600001600030e-07	9.9999600001600030e-07	8.0746286713129356e-01	9.9999600001600030e-07	1.0537681978491885e-01	8.7156313099787691e-02	9.9999600001600030e-07
9.9999700000900002e-07	9.9999700000900002e-07	6.4849910039733349e-01	2.0182897440280734e-02	1.0173759038585320e-01	2.2957741178553268e-01	9.9999700000900002e-07
9.9999600001599987e-07	9.9999600001599987e-07	6.5902524919053529e-01	9.9999600001599987e-07	1.9417527915469926e-01	1.4679547167076559e-01	9.9999600001599987e-07
9.9999900000099985e-07	3.8818944394301641e-02	5.7966367051456713e-01	1.6468745953010031e-01	4.5906914757548559e-02	1.4897038317728475e-01	2.1951627627197434e-02
9.9999800000399938e-07	2.0340298321294695e-02	5.5241896447463790e-01	1.1020543989081115e-01	1.0940107696461826e-01	2.0763222035263790e-01	9.9999800000399938e-07
9.9999900000100006e-07	2.2495247479010866e-01	2.2406846890604110e-01	3.2902718745657936e-02	1.1152346089097417e-01	2.8067697320379181e-01	1.2587490346442645e-01
1.6221526643523315e-01	9.9430909750721691e-02	4.3606874828912334e-01	9.9999900000100006e-07	5.5746898383116091e-02	1.8831384928616507e-01	5.8223327856640708e-02
4.2691286853354354e-02	7.9186399229002363e-02	3.8383278924936098e-01	9.9999800000400022e-07	2.3095544925832065e-01	2.6333207541396170e-01	9.9999800000400022e-07
9.9999800000400001e-07	6.4849648413521449e-02	6.9018535148674121e-01	1.5344861896024659e-02	3.4089632088769750e-02	1.9552850611894299e-01	9.9999800000400001e-07
9.9999500002499978e-07	9.9999500002499978e-07	9.9587779261370202e-01	9.9999500002499978e-07	4.1172074112980558e-03	9.9999500002499978e-07	9.9999500002499978e-07
9.9999900000099964e-07	1.5500341026226991e-01	4.0362522013178526e-01	1.0868527726858468e-01	5.4600400007301819e-02	1.4744857830183977e-01	1.3063611402921851e-01
1.4394537451754214e-01	5.6407946199331975e-02	3.6142419034210588e-01	8.6480630407145903e-02	7.0807398224190965e-02	1.2015844220952916e-01	1.6077601810015402e-01
2.8051405760765966e-02	9.9999900000100006e-07	6.4494981738328883e-01	8.5982751146729888e-02	5.6071966201491845e-02	1.0494504950574293e-01	7.9998010002980513e-02
9.9999900000100006e-07	5.5316094545049162e-02	5.6841663639892293e-01	1.7639846111952021e-01	5.5530670735649677e-02	1.0301497599665310e-02	1.3403563960219284e-01
9.9999900000100006e-07	7.8234242725478839e-02	6.2111913626572379e-01	1.7049383524670680e-02	6.9636730290065555e-04	1.7425955232227289e-01	1.0864031785995319e-01
1.3761259412462049e-02	1.3039366094804153e-01	4.9528372265516629e-01	6.9871612199638403e-02	2.2523218105693663e-02	2.1966359035728916e-01	4.8502936321708823e-02
9.9999800000399980e-07	6.5979080302354304e-02	6.1797482090402889e-01	1.4657510149572617e-01	1.5572945679977003e-02	1.5389605162191375e-01	9.9999800000399980e-07
9.9999900000099943e-07	1.9994269904530872e-02	5.6121994582709456e-01	1.9015581804526935e-01	2.2983666651203934e-02	1.1442730914665332e-01	9.1217990426247939e-02
9.9999700000900002e-07	9.9999700000900002e-07	5.8931554871950975e-01	5.1536899288864034e-02	1.4285682962480886e-01	2.1628772237581756e-01	9.9999700000900002e-07
9.9999700000899960e-07	6.1400798290666969e-02	5.2554977668184366e-01	9.9999700000899960e-07	7.5057714482773985e-02	3.3798871055371549e-01	9.9999700000899960e-07
6.6320220169832174e-03	2.5209683060275559e-02	7.0015452326557948e-01	1.3216945806491609e-01	9.9999900000099985e-07	1.3127827115947507e-01	4.5550424337706579e-03
9.9999900000099985e-07	2.8560348921482646e-02	5.1843135532023243e-01	9.5556383348917012e-03	9.2215901709944509e-02	2.4773448556171040e-01	1.0350127015273838e-01
9.9999900000099985e-07	3.7456401821338851e-02	5.2633878424644720e-01	1.7046307971960772e-01	8.3224820150284186e-03	1.1191040048377347e-01	1.4550785171480432e-01
9.9999700000900002e-07	2.9855027643185324e-02	6.3661302858009594e-01	9.9999700000900002e-07	1.4521823935818629e-01	1.8831070442753264e-01	9.9999700000900002e-07
9.9999700000900023e-07	9.9999700000900023e-07	7.0832506818773955e-01	7.2164246818680583e-02	2.9299578217852743e-02	1.9020810678472727e-01	9.9999700000900023e-07
9.9999700000900002e-07	9.9999700000900002e-07	7.3492251253679641e-01	1.6365029781636811e-02	8.7071879739988034e-02	1.6163757795057898e-01	9.9999700000900002e-07
7.6521258417851625e-03	1.3177018102446098e-01	4.1272312934968608e-01	1.7828671652437686e-01	7.7736789499795650e-02	1.7424362887751202e-01	1.7587428882383276e-02
9.9999900000099985e-07	4.4198331481419668e-02	4.6920253046061616e-01	2.7711224935431072e-01	5.5464986555927428e-03	6.3162537450690240e-02	1.4077685259837028e-01
9.9999800000400022e-07	1.1081554654163575e-01	5.8740225759752873e-01	6.5207944547005556e-02	9.4349229888162203e-02	1.4222302142966800e-01	9.9999800000400022e-07
9.9999700000900044e-07	9.9999700000900044e-07	8.3539641393529773e-01	4.7996217063404248e-02	3.7572856176418139e-02	7.9031512833880116e-02	9.9999700000900044e-07
9.9999600001600051e-07	9.9999600001600051e-07	8.2135866301939575e-01	9.9999600001600051e-07	1.6526321721002407e-02	1.6211101527560193e-01	9.9999600001600051e-07
9.9999500002499957e-07	9.9999500002499957e-07	9.3927222869137350e-01	9.9999500002499957e-07	6.0722771333626600e-02	9.9999500002499957e-07	9.9999500002499957e-07
2.4214818249896244e-01	9.9999900000100027e-07	4.4757922765818392e-01	1.0793994242431154e-01	3.6996983646160726e-02	1.2806144973148065e-01	3.7273214041900787e-02
9.9999800000400001e-07	2.6077057247302179e-02	8.1361187314110595e-01	2.9867647898338835e-02	7.5738536472221119e-02	5.4702885245031925e-02	9.9999800000400001e-07
9.9999800000400001e-07	5.3189584784903918e-02	3.3539390412159392e-01	2.3471490588657778e-01	1.6243252970963123e-01	2.1426707550129334e-01	9.9999800000400001e-07
9.9999700000900002e-07	7.9129806067142400e-02	5.7787647432337208e-01	9.9999700000900002e-07	1.2367858955247230e-01	2.1931213006601341e-01	9.9999700000900002e-07
9.9999800000400044e-07	9.9999800000400044e-07	4.8024519174943947e-01	1.1470206931787846e-01	1.1658902707454284e-01	2.3516966464101394e-01	5.3292047221125211e-02
9.9999900000099985e-07	5.7266507333132904e-02	5.5008002850236093e-01	1.2942438783779200e-01	2.2868097252459270e-03	2.4417094381597454e-01	1.6770322786493819e-02
9.9999600001599966e-07	2.9766818876475819e-02	9.5658224948452775e-01	9.9999600001599966e-07	1.3646931654996660e-02	9.9999600001599966e-07	9.9999600001599966e-07
9.9999700000900023e-07	3.0378286767269037e-02	8.0783076257357689e-01	9.9382224902672456e-02	9.9999700000900023e-07	6.2405725765481736e-02	9.9999700000900023e-07
9.9999800000400001e-07	1.8054925105142932e-02	5.6618968018858185e-01	8.9372113598218603e-02	7.0258251556141571e-02	2.5612302955591515e-01	9.9999800000400001e-07
2.7248793712063055e-02	9.0858988634138479e-02	2.6433517433848197e-01	1.2751108653055404e-01	8.4594903809327535e-02	2.4070401229180019e-01	1.6474704068363477e-01
9.9999500002499999e-07	9.9999500002499999e-07	9.9999500002499999e-07	9.9999400003000005e-01	9.9999500002499999e-07	9.9999500002499999e-07	9.9999500002499999e-07
9.9999500002499999e-07	9.9999500002499999e-07	9.9999500002499999e-07	9.9999400003000005e-01	9.9999500002499999e-07	9.9999500002499999e-07	9.9999500002499999e-07
9.9999500002499999e-07	9.9999500002499999e-07	9.9999500002499999e-07	9.9999400003000005e-01	9.9999500002499999e-07	9.9999500002499999e-07	9.9999500002499999e-07
9.9999500002499999e-07	9.9999500002499999e-07	9.9999500002499999e-07	9.9999400003000005e-01	9.9999500002499999e-07	9.9999500002499999e-07	9.9999500002499999e-07
9.9999500002499999e-07	9.9999500002499999e-07	9.9999500002499999e-07	9.9999400003000005e-01	9.9999500002499999e-07	9.9999500002499999e-07	9.9999500002499999e-07
9.9999500002499999e-07	9.9999500002499999e-07	9.9999500002499999e-07	9.9999400003000005e-01	9.9999500002499999e-07	9.9999500002499999e-07	9.9999500002499999e-07
9.9999500002499999e-07	9.9999500002499999e-07	9.9999500002499999e-07	9.9999400003000005e-01	9.9999500002499999e-07	9.9999500002499999e-07	9.9999500002499999e-07
9.9999500002499999e-07	9.9999500002499999e-07	9.9999500002499999e-07	9.9999400003000005e-01	9.9999500002499999e-07	9.9999500002499999e-07	9.9999500002499999e-07
9.9999500002499999e-07	9.9999500002499999e-07	9.9999500002499999e-07	9.9999400003000005e-01	9.9999500002499999e-07	9.9999500002499999e-07	9.9999500002499999e-07
9.9999500002499999e-07	9.9999500002499999e-07	9.9999500002499999e-07	9.9999400003000005e-01	9.9999500002499999e-07	9.9999500002499999e-07	9.9999500002499999e-07
9.9999500002499999e-07	9.9999500002499999e-07	9.9999500002499999e-07	9.9999400003000005e-01	9.9999500002499999e-07	9.9999500002499999e-07	9.9999500002499999e-07
9.9999500002499999e-07	9.9999500002499999e-07	9.9999500002499999e-07	9.9999400003000005e-01	9.9999500002499999e-07	9.9999500002499999e-07	9.9999500002499999e-07
9.9999500002499999e-07	9.9999500002499999e-07	9.9999500002499999e-07	9.9999400003000005e-01	9.9999500002499999e-07	9.9999500002499999e-07	9.9999500002499999e-07
9.9999500002499999e-07	9.9999500002499999e-07	9.9999500002499999e-07	9.9999400003000005e-01	9.9999500002499999e-07	9.9999500002499999e-07	9.9999500002499999e-07
9.9999500002499999e-07	9.9999500002499999e-07	9.9999500002499999e-07	9.9999400003000005e-01	9.9999500002499999e-07	9.9999500002499999e-07	9.9999500002499999e-07
9.9999500002499999e-07	9.9999500002499999e-07	9.9999500002499999e-07	9.9999400003000005e-01	9.9999500002499999e-07	9.9999500002499999e-07	9.9999500002499999e-07
9.9999500002499999e-07	9.9999500002499999e-07	9.9999500002499999e-07	9.9999400003000005e-01	9.9999500002499999e-07	9.9999500002499999e-07	9.9999500002499999e-07
9.9999500002499999e-07	9.9999500002499999e-07	9.9999500002499999e-07	9.9999400003000005e-01	9.9999500002499999e-07	9.9999500002499999e-07	9.9999500002499999e-07
9.9999500002499999e-07	9.9999500002499999e-07	9.9999500002499999e-07	9.9999400003000005e-01	9.9999500002499999e-07	9.9999500002499999e-07	9.9999500002499999e-07
9.9999500002499999e-07	9.9999500002499999e-07	9.9999500002499999e-07	9.9999400003000005e-01	9.9999500002499999e-07	9.9999500002499999e-07	9.9999500002499999e-07
9.9999500002499999e-07	9.9999500002499999e-07	9.9999500002499999e-07	9.9999400003000005e-01	9.9999500002499999e-07	9.9999500002499999e-07	9.9999500002499999e-07
9.9999500002499999e-07	9.9999500002499999e-07	9.9999500002499999e-07	9.9999400003000005e-01	9.9999500002499999e-07	9.9999500002499999e-07	9.9999500002499999e-07
9.9999500002499999e-07	9.3134270981058802e-03	9.9999500002499999e-07	9.9068157292689418e-01	9.9999500002499999e-07	9.9999500002499999e-07	9.9999500002499999e-07
9.9999500002499999e-07	9.9999500002499999e-07	9.9999500002499999e-07	9.9999400003000005e-01	9.9999500002499999e-07	9.9999500002499999e-07	9.9999500002499999e-07
9.9999500002499999e-07	9.9999500002499999e-07	9.9999500002499999e-07	9.9999400003000005e-01	9.9999500002499999e-07	9.9999500002499999e-07	9.9999500002499999e-07
9.9999500002499999e-07	9.9999500002499999e-07	9.9999500002499999e-07	9.9999400003000005e-01	9.9999500002499999e-07	9.9999500002499999e-07	9.9999500002499999e-07
9.9999500002499999e-07	9.9999500002499999e-07	9.9999500002499999e-07	9.9999400003000005e-01	9.9999500002499999e-07	9.9999500002499999e-07	9.9999500002499999e-07
9.9999500002499999e-07	9.9999500002499999e-07	9.9999500002499999e-07	9.9999400003000005e-01	9.9999500002499999e-07	9.9999500002499999e-07	9.9999500002499999e-07
9.9999500002499999e-07	9.9999500002499999e-07	9.9999500002499999e-07	9.9999400003000005e-01	9.9999500002499999e-07	9.9999500002499999e-07	9.9999500002499999e-07
9.9999500002499999e-07	9.9999500002499999e-07	9.9999500002499999e-07	9.9999400003000005e-01	9.9999500002499999e-07	9.9999500002499999e-07	9.9999500002499999e-07
9.9999500002499999e-07	9.9999500002499999e-07	9.9999500002499999e-07	9.9999400003000005e-01	9.9999500002499999e-07	9.9999500002499999e-07	9.9999500002499999e-07
9.9999500002499999e-07	9.9999500002499999e-07	9.9999500002499999e-07	9.9999400003000005e-01	9.9999500002499999e-07	9.9999500002499999e-07	9.9999500002499999e-07
9.9999500002499999e-07	9.9999500002499999e-07	9.9999500002499999e-07	9.9999400003000005e-01	9.9999500002499999e-07	9.9999500002499999e-07	9.9999500002499999e-07
9.9999500002499957e-07	9.9999500002499957e-07	9.9999500002499957e-07	9.9008142002350163e-01	9.9999500002499957e-07	9.9135800014982407e-03	9.9999500002499957e-07
9.9999500002499999e-07	9.9999500002499999e-07	9.9999500002499999e-07	9.9999400003000005e-01	9.9999500002499999e-07	9.9999500002499999e-07	9.9999500002499999e-07
9.9999500002499978e-07	2.6852624414749272e-02	9.9999500002499978e-07	9.7314237561025074e-01	9.9999500002499978e-07	9.9999500002499978e-07	9.9999500002499978e-07
9.9999500002499999e-07	9.9999500002499999e-07	9.9999500002499999e-07	9.9999400003000005e-01	9.9999500002499999e-07	9.9999500002499999e-07	9.9999500002499999e-07
9.9999500002499999e-07	9.9999500002499999e-07	9.9999500002499999e-07	9.9999400003000005e-01	9.9999500002499999e-07	9.9999500002499999e-07	9.9999500002499999e-07
9.9999500002499999e-07	9.9999500002499999e-07	9.9999500002499999e-07	9.9999400003000005e-01	9.9999500002499999e-07	9.9999500002499999e-07	9.9999500002499999e-07
9.9999500002499999e-07	9.9999500002499999e-07	9.9999500002499999e-07	9.9999400003000005e-01	9.9999500002499999e-07	9.9999500002499999e-07	9.9999500002499999e-07
9.9999500002499999e-07	9.9999500002499999e-07	9.9999500002499999e-07	9.9999400003000005e-01	9.9999500002499999e-07	9.9999500002499999e-07	9.9999500002499999e-07
9.9999500002499999e-07	9.9999500002499999e-07	9.9999500002499999e-07	9.9999400003000005e-01	9.9999500002499999e-07	9.9999500002499999e-07	9.9999500002499999e-07
9.9999500002499999e-07	9.9999500002499999e-07	9.9999500002499999e-07	9.9999400003000005e-01	9.9999500002499999e-07	9.9999500002499999e-07	9.9999500002499999e-07
9.9999500002499999e-07	9.9999500002499999e-07	9.9999500002499999e-07	9.9999400003000005e-01	9.9999500002499999e-07	9.9999500002499999e-07	9.9999500002499999e-07
9.9999500002499999e-07	9.9999500002499999e-07	9.9999500002499999e-07	9.9999400003000005e-01	9.9999500002499999e-07	9.9999500002499999e-07	9.9999500002499999e-07
9.9999500002499999e-07	9.9999500002499999e-07	9.9999500002499999e-07	9.9999400003000005e-01	9.9999500002499999e-07	9.9999500002499999e-07	9.9999500002499999e-07
9.9999500002499999e-07	9.9999500002499999e-07	9.9999500002499999e-07	9.9999400003000005e-01	9.9999500002499999e-07	9.9999500002499999e-07	9.9999500002499999e-07
9.9999500002499999e-07	9.9999500002499999e-07	9.9999500002499999e-07	9.9999400003000005e-01	9.9999500002499999e-07	9.9999500002499999e-07	9.9999500002499999e-07
9.9999500002499999e-07	9.9999500002499999e-07	9.9999500002499999e-07	9.9999400003000005e-01	9.9999500002499999e-07	9.9999500002499999e-07	9.9999500002499999e-07
9.9999500002499999e-07	9.9999500002499999e-07	9.9999500002499999e-07	9.9999400003000005e-01	9.9999500002499999e-07	9.9999500002499999e-07	9.9999500002499999e-07
9.9999400003000027e-01	9.9999500002500021e-07	9.9999500002500021e-07	9.9999500002500021e-07	9.9999500002500021e-07	9.9999500002500021e-07	9.9999500002500021e-07
9.9999400003000027e-01	9.9999500002500021e-07	9.9999500002500021e-07	9.9999500002500021e-07	9.9999500002500021e-07	9.9999500002500021e-07	9.9999500002500021e-07
9.9999400003000027e-01	9.9999500002500021e-07	9.9999500002500021e-07	9.9999500002500021e-07	9.9999500002500021e-07	9.9999500002500021e-07	9.9999500002500021e-07
9.9999400003000027e-01	9.9999500002500021e-07	9.9999500002500021e-07	9.9999500002500021e-07	9.9999500002500021e-07	9.9999500002500021e-07	9.9999500002500021e-07
9.9999400003000027e-01	9.9999500002500021e-07	9.9999500002500021e-07	9.9999500002500021e-07	9.9999500002500021e-07	9.9999500002500021e-07	9.9999500002500021e-07
9.9999400003000027e-01	9.9999500002500021e-07	9.9999500002500021e-07	9.9999500002500021e-07	9.9999500002500021e-07	9.9999500002500021e-07	9.9999500002500021e-07
9.9999400003000027e-01	9.9999500002500021e-07	9.9999500002500021e-07	9.9999500002500021e-07	9.9999500002500021e-07	9.9999500002500021e-07	9.9999500002500021e-07
9.9999400003000027e-01	9.9999500002500021e-07	9.9999500002500021e-07	9.9999500002500021e-07	9.9999500002500021e-07	9.9999500002500021e-07	9.9999500002500021e-07
9.9999400003000027e-01	9.9999500002500021e-07	9.9999500002500021e-07	9.9999500002500021e-07	9.9999500002500021e-07	9.9999500002500021e-07	9.9999500002500021e-07
9.9999400003000027e-01	9.9999500002500021e-07	9.9999500002500021e-07	9.9999500002500021e-07	9.9999500002500021e-07	9.9999500002500021e-07	9.9999500002500021e-07
9.9999400003000027e-01	9.9999500002500021e-07	9.9999500002500021e-07	9.9999500002500021e-07	9.9999500002500021e-07	9.9999500002500021e-07	9.9999500002500021e-07
9.9999400003000027e-01	9.9999500002500021e-07	9.9999500002500021e-07	9.9999500002500021e-07	9.9999500002500021e-07	9.9999500002500021e-07	9.9999500002500021e-07
9.9999400003000027e-01	9.9999500002500021e-07	9.9999500002500021e-07	9.9999500002500021e-07	9.9999500002500021e-07	9.9999500002500021e-07	9.9999500002500021e-07
9.9999400003000027e-01	9.9999500002500021e-07	9.9999500002500021e-07	9.9999500002500021e-07	9.9999500002500021e-07	9.9999500002500021e-07	9.9999500002500021e-07
9.9999400003000027e-01	9.9999500002500021e-07	9.9999500002500021e-07	9.9999500002500021e-07	9.9999500002500021e-07	9.9999500002500021e-07	9.9999500002500021e-07
