375 7
9.9999500002499999e-07	9.9999500002499999e-07	9.9999500002499999e-07	9.9999400003000005e-01	9.9999500002499999e-07	9.9999500002499999e-07	9.9999500002499999e-07
9.9999500002499999e-07	9.9999500002499999e-07	9.9999500002499999e-07	9.9999400003000005e-01	9.9999500002499999e-07	9.9999500002499999e-07	9.9999500002499999e-07
9.9999500002499999e-07	9.9999500002499999e-07	8.7996327406598024e-06	9.9998620039225938e-01	9.9999500002499999e-07	9.9999500002499999e-07	9.9999500002499999e-07
9.9999500002499999e-07	9.9999500002499999e-07	9.9999500002499999e-07	9.9999400003000005e-01	9.9999500002499999e-07	9.9999500002499999e-07	9.9999500002499999e-07
1.0912361625206954e-01	2.0074850457241018e-02	9.9999800000400001e-07	6.5017385330401223e-01	2.0286454501804083e-01	9.9999800000400001e-07	1.7761134972636490e-02
9.9999500002499957e-07	9.9999500002499957e-07	9.9999500002499957e-07	9.9998604654358036e-01	9.9999500002499957e-07	9.9999500002499957e-07	8.9534814195707244e-06
1.2840932485579971e-03	9.6345169825437906e-04	9.9999600001600051e-07	9.9774845506918786e-01	9.9999600001600051e-07	9.9999600001600051e-07	9.9999600001600051e-07
9.9999500002499999e-07	9.9999500002499999e-07	9.9999500002499999e-07	9.9999400003000005e-01	9.9999500002499999e-07	9.9999500002499999e-07	9.9999500002499999e-07
9.9999500002499999e-07	9.9999500002499999e-07	9.9999500002499999e-07	9.9999400003000005e-01	9.9999500002499999e-07	9.9999500002499999e-07	9.9999500002499999e-07
9.9999600001599966e-07	9.9999600001599966e-07	9.9999600001599966e-07	5.5995945848433692e-01	2.6970806949009318e-01	9.9999600001599966e-07	1.7032847204156989e-01
9.9999500002499999e-07	9.9999500002499999e-07	9.9999500002499999e-07	9.9999400003000005e-01	9.9999500002499999e-07	9.9999500002499999e-07	9.9999500002499999e-07
1.2714180351187063e-01	9.9999800000400001e-07	9.9999800000400001e-07	6.3155555250137996e-01	1.3718496680320508e-02	6.7126508609073279e-02	1.6045563870135571e-01
9.9999800000400044e-07	3.4341469614123127e-02	3.8799229776099006e-03	6.9924812476818421e-01	1.2456054766390741e-01	1.3796793498017559e-01	9.9999800000400044e-07
9.9999900000100006e-07	1.9988593007406769e-02	2.0509606682620959e-04	5.2015005770476963e-01	1.8551961149996932e-01	8.5119780905312442e-02	1.8901586081671565e-01
9.9999500002499999e-07	9.9999500002499999e-07	9.9999500002499999e-07	9.9999400003000005e-01	9.9999500002499999e-07	9.9999500002499999e-07	9.9999500002499999e-07
1.8756019767067433e-01	9.9999600001599987e-07	9.9999600001599987e-07	5.1554258816140497e-01	2.9689321418392078e-01	9.9999600001599987e-07	9.9999600001599987e-07
2.5740683418050120e-01	9.9999600001599966e-07	9.9999600001599966e-07	7.1167507008035880e-01	3.0914095755140251e-02	9.9999600001599966e-07	9.9999600001599966e-07
9.9999700000899981e-07	3.1360360076002680e-02	9.9999700000899981e-07	6.9219778197713722e-01	1.0608789218801222e-01	1.7035096576784781e-01	9.9999700000899981e-07
9.9999500002499999e-07	9.9999500002499999e-07	9.9999500002499999e-07	9.9999400003000005e-01	9.9999500002499999e-07	9.9999500002499999e-07	9.9999500002499999e-07
9.9999500002499894e-07	9.9999500002499894e-07	9.9999500002499894e-07	9.9998594863929202e-01	9.9999500002499894e-07	9.9999500002499894e-07	9.0513857077792112e-06
9.9999500002499999e-07	9.9999500002499999e-07	9.9999500002499999e-07	9.9999400003000005e-01	9.9999500002499999e-07	9.9999500002499999e-07	9.9999500002499999e-07
9.9999700000900002e-07	9.9999700000900002e-07	2.0575779386471524e-01	5.4441764155990358e-01	1.3580150658792786e-01	1.1402005799645351e-01	9.9999700000900002e-07
9.9999500002499978e-07	9.9999500002499978e-07	8.9822719343178792e-06	9.9998601775306584e-01	9.9999500002499978e-07	9.9999500002499978e-07	9.9999500002499978e-07
9.9999500002499999e-07	9.9999500002499999e-07	9.9999500002499999e-07	9.9999400003000005e-01	9.9999500002499999e-07	9.9999500002499999e-07	9.9999500002499999e-07
9.9999500002499978e-07	9.9999500002499978e-07	9.9999500002499978e-07	9.9998602933245528e-01	9.9999500002499978e-07	9.9999500002499978e-07	8.9706925446681840e-06
9.9999500002499999e-07	9.9999500002499999e-07	9.9999500002499999e-07	9.9997955600487431e-01	9.9999500002499999e-07	9.9999500002499999e-07	1.5444020125455461e-05
9.9999500002499872e-07	9.9999500002499872e-07	9.9999500002499872e-07	9.9998571681172332e-01	9.9999500002499872e-07	9.9999500002499872e-07	9.2832132765104515e-06
2.5308064250604976e-02	1.9925915041793755e-02	1.2887915637170533e-02	6.1786572960880171e-01	3.2401037546562911e-01	9.9999800000400001e-07	9.9999800000400001e-07
9.9999500002499999e-07	9.9999500002499999e-07	9.9999500002499999e-07	9.9999400003000005e-01	9.9999500002499999e-07	9.9999500002499999e-07	9.9999500002499999e-07
9.9999500002500021e-07	8.8185421027784478e-05	9.9999500002500021e-07	9.9990681460397235e-01	9.9999500002500021e-07	9.9999500002500021e-07	9.9999500002500021e-07
9.9999500002499999e-07	9.9999500002499999e-07	9.9999500002499999e-07	9.9999400003000005e-01	9.9999500002499999e-07	9.9999500002499999e-07	9.9999500002499999e-07
9.9999500002499999e-07	9.9999500002499999e-07	9.9999500002499999e-07	9.9999400003000005e-01	9.9999500002499999e-07	9.9999500002499999e-07	9.9999500002499999e-07
9.9999500002499999e-07	9.9999500002499999e-07	9.9999500002499999e-07	9.9999400003000005e-01	9.9999500002499999e-07	9.9999500002499999e-07	9.9999500002499999e-07
1.6384839625205583e-02	1.1530972121589565e-02	2.9935241320386086e-01	9.9999900000099964e-07	7.5844078734078318e-03	2.1103159034493914e-02	6.4404320814244220e-01
7.2516486395740485e-03	7.9521891030429163e-03	2.4587939344992965e-01	3.0163612544989209e-02	2.6678506583643558e-02	1.2354357731094043e-01	5.5853107236788013e-01
9.9999600001599966e-07	7.4383925331310092e-03	1.6765523946602087e-01	9.9999600001599966e-07	9.9999600001599966e-07	9.9999600001599966e-07	8.2490236801684802e-01
4.6297022680807567e-03	2.0247995988792216e-02	9.9999700000900002e-07	1.1453416611815485e-02	9.9999700000900002e-07	9.9999700000900002e-07	9.6366588514031148e-01
2.3190307433339882e-02	2.2458487253831840e-02	9.9999900000099985e-07	6.4845323044394427e-03	3.0159370325903746e-02	2.5898430564610362e-02	8.9180787211887480e-01
9.9999600001600008e-07	9.9999600001600008e-07	2.0389131704761224e-01	9.9999600001600008e-07	9.9999600001600008e-07	7.6139208746412246e-03	7.8849076209374658e-01
4.4739381365425969e-02	3.6440893123001940e-03	1.1763971555019527e-01	4.2708625219836330e-02	1.3873249283318964e-02	1.6038681983127823e-01	6.1700811943764511e-01
6.5627521322254134e-02	2.9203436749973364e-02	8.8605462938432425e-02	6.7708718925309523e-03	9.9999900000100027e-07	1.5357516638792013e-01	6.5621654070988888e-01
9.9999500002499999e-07	4.9472016626241899e-02	9.9999500002499999e-07	9.9999500002499999e-07	9.9999500002499999e-07	9.9999500002499999e-07	9.5052298339875796e-01
9.9999700000899981e-07	5.6113761237846452e-03	1.2632145174095871e-01	9.9999700000899981e-07	9.9999700000899981e-07	5.6194933166380974e-02	8.1186923897787566e-01
4.0774743076378024e-02	2.7086129860781228e-02	7.1524177547151624e-02	9.9999800000400001e-07	9.9999800000400001e-07	2.9353365482981597e-01	5.6707929468987317e-01
9.9999500002499957e-07	2.0122984309413105e-03	9.9999500002499957e-07	9.9999500002499957e-07	9.9999500002499957e-07	9.9999500002499957e-07	9.9798270159405855e-01
9.9999600001600030e-07	9.9999600001600030e-07	6.1639903665301043e-01	9.9999600001600030e-07	9.9999600001600030e-07	7.0804626206403889e-02	3.1279233715658566e-01
4.7390208751096202e-02	5.6187265182705403e-03	1.1022931020294993e-01	9.9999900000099985e-07	3.5270264563849185e-02	1.3235208359319448e-01	6.6913840637163957e-01
2.3340582815486205e-02	9.9999800000399980e-07	1.8163118391567831e-01	5.5303618191295820e-03	9.9999800000399980e-07	1.1217577120732307e-01	6.7732010024638278e-01
9.9999800000399980e-07	1.1568697904591405e-02	6.5269072839705095e-02	9.9999800000399980e-07	3.2357389496652143e-02	2.6067067170092405e-02	8.6473577259295886e-01
6.6629626756310508e-03	5.5381697054954757e-04	3.1918870123871296e-01	9.9999900000099985e-07	3.1751912790197380e-02	6.7196637079966037e-02	5.7464496924594288e-01
8.3160067378789185e-03	4.2552677689038270e-03	1.3909143499598067e-01	9.9999800000400001e-07	9.9999800000400001e-07	6.3774592341018579e-02	7.8456069816021801e-01
1.0356088995333584e-02	1.0028704170210236e-02	1.8756135225426251e-01	9.9999800000399980e-07	9.9999800000399980e-07	4.2650250078669794e-02	7.4940160450552384e-01
9.9999700000900002e-07	1.4054803379012725e-02	2.5795619519928391e-02	9.9999700000900002e-07	9.9999700000900002e-07	1.5331300097138926e-03	9.5861344710034502e-01
2.9195592562914669e-02	2.8629122031980287e-03	2.6489115937973828e-01	9.9999800000400001e-07	9.9999800000400001e-07	3.4620664600322787e-02	6.6842767125782621e-01
9.9999700000900023e-07	2.5983046754248815e-02	4.0434920720974543e-01	9.9999700000900023e-07	9.9999700000900023e-07	3.6713133714452069e-02	5.3295161233055366e-01
2.9434347019107522e-03	2.1488654648875182e-02	1.2690360696502467e-01	1.4653054848188342e-03	9.9999900000100027e-07	1.6183879850460711e-01	6.8535919969576353e-01
3.7027705200108396e-02	9.9999800000399980e-07	1.7552085579585761e-01	9.9999800000399980e-07	1.0623131695973952e-03	6.3584922845667316e-02	7.2280220299276920e-01
2.7000837128773156e-03	1.3940327150831426e-02	4.1365754800238652e-01	1.5906764953006136e-02	2.4583992560153567e-01	9.9999900000099985e-07	3.0795435058036291e-01
2.6078302336174464e-02	1.4443479988097719e-02	2.8163285704586233e-01	5.2380977846251682e-02	1.7448590069352576e-01	3.1252768170104582e-03	4.4785320527307765e-01
9.9999900000099985e-07	3.6697951845452500e-04	4.1265007365891893e-01	3.8266621466000454e-02	1.5874126943717834e-01	3.4417314318463441e-02	3.5555674160198431e-01
5.8303065674516666e-02	9.9999900000099985e-07	3.1997746222057522e-01	4.9383196761146345e-02	1.4555334349263055e-01	1.1225833516548844e-01	3.1452359668664281e-01
2.2155681447123543e-02	9.9999900000099985e-07	2.2408677513022457e-01	2.7641161983174081e-02	1.2468293728402331e-01	9.2391656506073273e-03	5.9219327850584713e-01
1.6910605731892479e-02	7.7085465166503390e-03	3.6669018691888466e-01	9.9999900000100006e-07	1.6868205477388590e-01	8.6643177676449010e-02	3.5336442838323767e-01
9.9999900000099985e-07	1.5956762904743602e-02	4.1914989309248935e-01	9.5708861181085306e-02	2.0368764252415017e-01	1.6260017089383721e-01	1.0289566940469431e-01
4.7118650624629325e-02	1.2092643962617307e-02	1.7038823169594222e-01	4.8648840753905714e-02	2.3289766978937587e-01	1.5668900107252171e-01	3.3216496210100782e-01
9.9999800000399980e-07	9.9999800000399980e-07	2.7532344239329920e-01	1.6952386746885567e-02	1.7893822575271195e-01	2.4653342444575486e-04	5.2853741168665747e-01
9.9999800000400001e-07	9.9999800000400001e-07	4.8476283746688421e-02	6.1744499514917207e-02	3.5233892318370275e-01	5.2551521399543152e-02	4.8488677215914844e-01
2.4965401718105885e-02	2.4955143524565401e-02	1.7071685241013207e-01	9.9999900000099985e-07	4.2531821356054371e-02	1.7957035399602211e-01	5.5725942699612019e-01
3.0854557202838084e-02	2.8735892836254436e-02	5.4190594464023877e-02	8.0111363414403485e-03	9.9999900000099985e-07	4.9266828713850942e-02	8.2893999044259226e-01
9.9999600001599987e-07	9.9999600001599987e-07	4.2489497303088053e-01	9.9999600001599987e-07	9.9999600001599987e-07	3.3183746956546002e-02	5.4191728002857342e-01
9.9999500002499978e-07	9.9999500002499978e-07	1.9350303451594031e-01	9.9999500002499978e-07	9.9999500002499978e-07	9.9999500002499978e-07	8.0649196550905944e-01
1.8070732230754220e-02	1.2833425236835849e-02	2.2310974406683207e-01	2.4973155394414887e-02	1.9367448797374145e-02	3.2237456555946210e-02	6.6940803771784285e-01
2.5125241762521906e-02	1.4839780331382446e-02	4.4835621013917130e-02	1.8548397953623053e-02	1.4483125970175224e-02	9.9999900000100006e-07	8.8216683296938025e-01
8.7215811337296459e-02	2.0506063263003117e-02	8.9393455498757782e-02	4.6962447519518988e-02	1.9457991389634100e-02	1.2600837429641010e-01	6.1045585669537950e-01
7.9084969634218474e-02	1.0415411875590436e-02	9.9999800000400022e-07	4.2800891757139078e-03	9.9999800000400022e-07	1.4760176063551370e-01	7.5861576868296365e-01
7.1795830650835099e-02	6.1514476991759784e-03	9.9999900000100027e-07	1.6919673746867023e-02	8.3266367092513713e-03	9.5374823851845522e-02	8.0143058734302508e-01
5.1460996729075691e-02	1.1009831836387308e-02	4.8174030422024519e-02	2.0465269767263160e-02	9.9999900000100027e-07	1.7415026607776600e-02	8.5147384463847275e-01
1.7247505224134839e-02	9.9999600001599987e-07	9.9999600001599987e-07	9.9999600001599987e-07	9.9999600001599987e-07	1.0754387478684438e-01	8.7520462000502064e-01
1.3096111950628915e-02	1.9487930835933063e-02	2.2252789083651467e-01	9.9999800000400001e-07	9.9999800000400001e-07	6.4117520451289323e-02	6.8076854592963409e-01
3.1932707776972130e-02	9.9999900000100006e-07	6.1665669470446785e-02	3.6750578513472837e-03	3.7831231695561961e-03	6.5482071489569504e-01	2.4412172683698255e-01
9.9999800000399938e-07	9.9999800000399938e-07	2.1443873896927360e-01	7.3169220134154155e-03	1.2116073980409566e-02	4.8979053622837043e-01	2.7633572881253093e-01
4.6352943315087942e-02	6.3187857705045095e-03	3.5521772912063920e-01	1.8264243571352905e-02	2.3745293409237009e-01	5.0668478284187621e-02	2.8572488584585781e-01
3.2914892329200755e-03	1.1595605099101363e-02	4.7282693586456470e-01	6.7278589547051071e-02	1.4758767895861186e-01	9.9999900000099985e-07	2.9741870129875086e-01
9.9999900000099964e-07	8.1339726971789306e-03	4.1437730979403531e-01	1.1829506142883178e-02	1.8077687719473648e-01	3.8190956761575859e-03	3.8106223849600840e-01
9.9999700000899981e-07	9.9999700000899981e-07	5.6526217311860671e-01	1.6997273299871652e-02	9.7454070987307115e-02	9.9999700000899981e-07	3.2028348260321454e-01
1.2582698077218693e-02	4.7647488549276834e-03	3.9049329025300722e-01	5.4936102098482743e-02	1.9456915383113468e-01	9.9999900000100048e-07	3.4265300688622902e-01
1.6162139019458944e-02	2.0674344460930017e-02	3.1311134270278895e-01	3.9994079178809136e-02	2.1851458872918408e-01	1.0637900204275098e-01	2.8516450386607789e-01
2.8171470236991222e-02	1.3490277342469910e-02	2.2680549146177753e-01	4.9141549678492786e-03	1.6515272988390844e-01	1.0764129602691562e-02	5.5070174650431192e-01
7.0776703556937090e-02	9.9999900000099985e-07	2.0150075947441953e-01	3.9703663141032845e-02	1.5609134348377049e-01	1.4623437952314727e-01	3.8569215082169261e-01
9.9999700000900002e-07	9.9999700000900002e-07	4.1467440475103406e-01	5.9927959880104874e-02	2.8259518289086760e-01	9.9999700000900002e-07	2.4279945248699356e-01
9.1822033632126786e-03	9.9999800000400022e-07	3.5912385511438211e-01	6.5966398287285913e-02	1.4722669168332247e-01	9.9999800000400022e-07	4.1849885155579686e-01
9.9999800000399980e-07	1.7570629779284152e-02	3.7605855641438857e-01	2.8213821615507586e-02	1.9721967395899617e-01	9.9999800000399980e-07	3.8093531823582338e-01
3.8480858880602022e-02	1.0647759358740586e-02	4.6318354903248538e-01	2.9480629206861241e-02	1.2517314097688786e-01	5.3341830104779428e-02	2.7969223243964347e-01
1.5751233519366633e-02	2.2444937447809121e-02	5.4084743039130877e-02	3.5430284196488762e-02	1.2884925101411059e-02	4.9867901233935183e-02	8.0953597546185840e-01
9.9999800000400022e-07	1.5070605804529151e-02	9.9999800000400022e-07	6.8534452386522183e-03	3.9038204295362616e-02	3.5794183254861146e-02	9.0324156141059486e-01
3.6265350270406893e-02	3.5487618000382727e-03	9.9999700000900002e-07	9.9999700000900002e-07	9.9999700000900002e-07	6.9117420261246204e-02	8.9106546767730865e-01
9.9999700000899981e-07	8.1591586997995184e-03	3.0767115975824821e-01	9.9999700000899981e-07	9.9999700000899981e-07	3.7416894167038361e-02	6.4674978738391398e-01
9.9999700000900002e-07	9.9999700000900002e-07	2.6280913923863569e-01	2.2046544759318106e-02	9.9999700000900002e-07	6.4309964173758991e-02	6.5083135183728724e-01
3.1254200172171995e-02	7.0230157628122071e-03	1.6125297619017750e-01	9.9999900000099985e-07	2.1796044395533457e-02	5.5278935747229543e-02	7.2339382773307537e-01
9.9999700000900002e-07	1.6884275732517794e-02	2.5486418428568042e-01	9.9999700000900002e-07	9.9999700000900002e-07	7.6732046644891111e-02	6.5151649334591066e-01
4.0022111148075239e-02	1.9610574752314387e-02	2.5149500348884618e-01	2.2318102965770678e-02	1.4110981326340921e-01	3.3769532259570390e-01	1.8774907178588043e-01
2.0115771445922227e-02	9.9999800000400022e-07	2.1632236208533540e-01	8.8881734729490847e-02	2.5767375322745800e-01	9.9999800000400022e-07	4.1700437851579347e-01
9.9999900000099964e-07	1.3755677324952744e-02	4.4974952616940378e-01	4.9142169010976310e-02	1.2618040001396275e-01	3.5353855567840577e-02	3.2581737191386373e-01
9.9999900000100006e-07	1.9633813690642012e-03	3.0431465276762493e-01	8.7105862321804312e-02	2.9123024917421453e-01	1.1420125154250990e-02	3.0396472921404094e-01
3.8773034591330975e-02	1.0405352781027721e-02	3.5432657544826335e-01	5.2871973790858492e-02	1.3536914547756215e-01	9.9999900000100027e-07	4.0825291791195739e-01
9.9999700000899981e-07	1.0888421707979696e-02	4.8479117505185654e-01	9.9999700000899981e-07	1.5747253769281178e-01	9.9999700000899981e-07	3.4684486555635191e-01
9.9999600001599987e-07	9.9999600001599987e-07	4.8970707375817280e-01	9.9999600001599987e-07	1.2978112420086577e-01	9.9999600001599987e-07	3.8050780205696139e-01
5.4473480963065216e-02	1.1928160461584677e-02	3.5668065402603433e-01	3.4641848045433195e-02	1.4243962366168528e-01	9.9999900000099964e-07	3.9983523284319722e-01
9.3189012693267216e-03	9.9999900000100006e-07	3.9667492634252588e-01	1.2868830584440879e-02	1.9082632471593641e-01	3.0313018564684558e-03	3.8727871523230173e-01
9.9999800000400001e-07	9.9999800000400001e-07	2.6424653928890601e-01	5.7193034152797757e-02	2.4591686315837030e-01	1.4483869750832565e-01	2.8780286589560028e-01
9.9999900000099985e-07	8.5339956056625175e-03	3.1692983032924055e-01	3.5863396429308143e-02	1.8739619610938005e-01	6.3745335961675337e-02	3.8753024556573334e-01
6.3740365720642483e-02	9.9999900000100006e-07	1.3277629715311370e-01	8.9831647638025092e-02	3.4458186444458438e-01	9.5940314241253516e-02	2.7312851080338085e-01
2.6344110445263743e-02	9.9999900000100006e-07	3.3651705652604985e-01	3.1800294883717301e-02	2.2305553564792727e-01	2.6849904012654566e-03	3.7959701209677643e-01
4.8670668043295871e-03	1.1991961130787727e-02	2.6338890963986883e-01	4.0746854368459713e-02	2.2058191487052817e-01	5.9202450873296592e-02	3.9922084231272942e-01
9.9999800000400001e-07	2.5355915868395071e-02	4.3232088434573546e-01	9.9999800000400001e-07	8.6898731860281894e-02	2.2833639601887570e-02	4.3258882832770007e-01
9.9999900000100006e-07	1.9525059466301752e-02	3.9527439678745994e-02	1.6509082238804897e-02	4.7829323260394276e-02	9.1671395568859157e-02	7.8493669978789393e-01
1.4463426589127691e-02	3.1323801770042438e-02	8.7703058432671205e-02	1.6298796748860592e-02	9.9999900000100006e-07	1.4423972974440963e-01	7.0597018671588840e-01
3.5794599287792925e-02	1.8065368164515302e-02	8.8045671841098655e-02	1.4113160071025763e-02	6.5404787552813370e-02	1.1823319551718031e-01	6.6034321756557368e-01
2.1696672352469092e-02	2.5839838227070069e-03	3.9065578625265843e-02	9.9889139359735472e-03	5.4894766493063782e-02	1.0697074713079299e-01	7.6479933763972785e-01
2.0531716769390793e-03	1.1209574009333452e-02	1.1565120071607893e-01	9.7639742683032753e-03	7.2800087896953997e-02	1.2134637975772550e-01	6.6717561167466577e-01
8.8027409785565322e-02	2.7965339324912096e-02	2.6289137231964144e-01	5.8834685211628414e-02	2.3635903801259614e-01	9.9999900000099964e-07	3.2592115534665655e-01
2.5269491968843875e-02	9.9999800000400001e-07	2.4466275399723533e-01	5.0796543527859929e-02	2.9884814756074390e-01	9.9999800000400001e-07	3.8042106294931699e-01
6.1876972611672422e-03	8.4961911255801697e-03	2.8884532735590668e-01	2.5777955383614656e-02	3.5328522807163576e-01	1.3719515063497811e-02	3.0368808573859768e-01
7.7892029479957742e-02	5.3073981882732074e-03	2.9753135420853610e-01	1.0139987324154037e-01	1.8964853458577094e-01	2.2049186217271317e-02	3.0617162407865028e-01
3.9716273231937001e-02	1.6300522407118420e-02	3.4070456476168798e-01	1.0693250116296862e-01	1.8548737995518433e-01	2.7103135026112085e-01	3.9827408219982763e-02
9.9999800000399980e-07	2.3930164503948550e-02	4.9352050778595219e-01	3.8479964485596502e-03	1.3788145937441701e-01	9.9999800000399980e-07	3.4081787189112261e-01
9.9999600001599987e-07	9.9999600001599987e-07	5.2581045102884338e-01	9.9999600001599987e-07	6.3254811145612017e-02	9.9999600001599987e-07	4.1093073784154444e-01
3.3317984834239145e-02	1.3010086969274465e-02	4.3958520562972880e-01	6.2845210861007328e-03	5.6452240440267989e-02	1.3053876570103640e-01	3.2081119533935254e-01
9.9999600001600030e-07	9.9999600001600030e-07	5.5858335072833487e-01	9.9999600001600030e-07	8.9381813586777215e-02	9.9999600001600030e-07	3.5203083570088795e-01
1.0699939384053610e-01	6.5347524622842604e-04	2.2086866756741030e-01	1.9639952891493725e-02	2.8297932106036872e-01	7.7167514261603912e-02	2.9169167513235877e-01
1.5300014826428598e-02	7.0258613560338393e-04	2.3153429215114796e-01	5.4631434494627318e-02	2.8739358314393798e-01	8.3212391234629035e-02	3.2722569801362572e-01
1.0934698241409553e-01	4.1562922613298707e-03	4.0526229381015527e-01	5.3105873371041827e-02	1.6735071698215728e-01	3.5606428892629799e-02	2.2517141226859036e-01
3.9720543486857156e-02	9.9999900000099985e-07	2.4239805704248849e-01	3.9605276846659522e-02	2.2616936881537356e-01	1.9396451854182778e-01	2.5814123526779348e-01
3.0246914243783901e-01	9.9999800000400022e-07	2.1926571082081070e-01	1.0290439734053751e-01	3.0394854664759768e-01	9.9999800000400022e-07	7.1410202757215116e-02
5.6019968147424704e-01	4.8012433200565153e-03	1.9700881150811167e-01	6.5433890568164605e-03	7.2930960558682839e-02	9.9999900000100006e-07	1.5851491408308543e-01
7.8544010385079610e-01	1.3365233764170755e-02	3.3361936686903758e-02	5.7383784251461456e-02	1.1044694145066816e-01	9.9999800000400001e-07	9.9999800000400001e-07
3.3450023273377366e-01	7.1987713486055720e-03	2.1072384432904884e-01	5.2227861982358383e-02	2.3603412654362652e-01	9.9999900000099985e-07	1.5931416306358714e-01
3.1294414751789151e-01	8.6492593318071038e-03	1.1689318797340011e-01	6.1965393549584261e-02	1.6724705937052783e-01	1.0509061948672035e-01	2.2721033277006875e-01
6.9848269585525102e-01	9.0165079673086724e-03	8.2047232314873195e-02	3.0204776536074344e-02	1.3145617664939274e-01	1.0367886428659641e-02	3.8424724248440303e-02
6.7058540040196968e-01	1.0007252245413246e-02	9.9504845721851837e-02	2.7396567085053564e-03	8.5067793620472884e-02	9.9999900000100027e-07	1.3209405130278704e-01
4.4529223367751114e-01	4.6235365046215296e-03	1.2552212178326486e-01	1.4757386406607045e-01	1.6751833151666778e-01	9.9999900000099985e-07	1.0946891245286404e-01
7.6250261370341377e-01	9.9999600001599966e-07	9.9999600001599966e-07	8.9728497519197675e-02	1.4776488879338870e-01	9.9999600001599966e-07	9.9999600001599966e-07
6.0272840617851053e-01	9.9999700000900002e-07	4.0099580920049567e-02	9.4439121678521296e-02	2.6272989123191887e-01	9.9999700000900002e-07	9.9999700000900002e-07
5.9421957776394541e-01	9.9999600001599966e-07	9.9999600001599966e-07	1.7703971249575107e-01	2.2873670975630347e-01	9.9999600001599966e-07	9.9999600001599966e-07
5.5109335462130793e-01	7.1997953722822841e-03	1.9344154657776658e-01	4.3853850620930210e-02	1.7289118802343070e-01	3.2839816122362195e-04	3.1191866623058683e-02
5.0518723865492221e-01	6.8068239719446698e-03	1.2543599487622734e-01	1.0967787015375362e-01	2.3760557730892384e-01	9.9999900000100027e-07	1.5285495035228259e-02
1.3815597582976294e-01	9.4947987952963084e-03	1.2980932185351143e-01	1.1206129737059134e-01	3.7828088091558948e-01	9.9999900000099985e-07	2.3219672523624851e-01
4.0042225124305653e-01	1.3677625966751917e-02	2.5076020413193720e-02	4.7161172327785619e-02	2.2709794995978938e-01	1.6274403736639179e-01	1.2382094272303096e-01
2.9767098117743135e-01	1.3731300751316844e-02	9.9999900000099985e-07	2.2735102714009708e-01	3.4753534020905791e-01	4.4289537549348952e-02	6.9420813173747750e-02
6.3714650979330079e-01	1.4373656055567607e-03	7.7826516725913855e-02	2.9581286777676519e-02	2.5400632110155230e-01	9.9999800000400022e-07	9.9999800000400022e-07
9.7921298333197804e-01	1.6190942313175818e-03	9.9999600001600030e-07	1.9163922452704551e-02	9.9999600001600030e-07	9.9999600001600030e-07	9.9999600001600030e-07
3.7823133857669705e-01	7.9545670890542475e-03	1.5149831990623736e-01	4.8077430142409179e-02	1.8294080118498479e-01	9.9999900000100006e-07	2.3129654310161729e-01
3.2813584388060063e-01	9.7891359371777599e-03	1.1668748517380979e-01	7.5043206594694961e-02	1.4859912537722234e-01	1.4814721623783841e-01	1.7359798679865607e-01
6.1142666278056523e-01	1.0108230865833335e-02	9.7045640982915932e-02	5.5296315374116695e-02	1.3580429548199802e-01	3.1404383750805412e-02	5.8914470763765242e-02
5.6817805216678874e-01	1.1172828984835712e-03	1.7908228279917557e-01	5.4290169297970182e-02	1.5562062512539256e-02	9.9999900000100006e-07	1.8176915032604263e-01
5.9132654459940870e-01	9.9999700000899981e-07	4.0349954180282033e-02	9.9999700000899981e-07	1.9692337989936687e-01	9.9999700000899981e-07	1.7139712132994245e-01
4.2750978717264077e-01	4.1105136896424858e-02	1.1620364052300397e-01	2.7448107272391588e-02	2.8305217810620759e-01	1.2789774953703426e-02	9.1891375075627807e-02
5.7755145189942803e-01	9.9999800000400001e-07	1.7559296651177309e-01	4.5208551399333217e-03	2.0621214542843203e-01	9.9999800000400001e-07	3.6120581024433669e-02
5.2731881490976351e-01	9.9999800000400022e-07	1.8951138596438638e-01	2.2373491918506128e-02	1.4306542090122365e-01	9.9999800000400022e-07	1.1772888631012046e-01
5.2899570509910121e-01	6.1213302857833296e-03	6.2583249177262545e-02	1.4155052864780651e-01	2.6074718679404668e-01	9.9999800000400001e-07	9.9999800000400001e-07
4.4096457516204168e-01	3.0244310938628560e-02	4.4126724119216941e-02	7.0741813779354581e-02	4.1392057600475857e-01	9.9999800000400022e-07	9.9999800000400022e-07
6.8315374851571153e-01	5.5731250815105266e-03	1.5746032901340454e-01	9.9999900000100006e-07	1.4092401066747223e-01	7.5844117317914374e-03	5.3033749911098231e-03
4.6295418386339249e-01	9.9999800000400044e-07	2.1097394904727226e-02	9.1192046847245828e-02	2.8407777490012820e-01	9.9999800000400044e-07	1.4067659948850633e-01
5.1894744580705854e-01	6.3015591955161371e-03	1.7302265103006462e-01	6.5510276056360145e-03	1.0963800955517372e-01	9.9999900000100027e-07	1.8553830680755101e-01
5.5730413284099012e-01	1.6721379189011110e-02	8.8237932853880950e-03	1.4024845188527602e-01	2.7690024280333475e-01	9.9999800000400001e-07	9.9999800000400001e-07
6.7143032644227552e-01	1.0144124124922375e-02	8.0392444317838277e-02	2.7768257181253052e-02	2.1026284793771097e-01	9.9999800000400022e-07	9.9999800000400022e-07
7.0740049638576152e-01	9.9999700000900002e-07	2.9568842305922067e-02	7.9174276979038671e-02	1.8385338433827783e-01	9.9999700000900002e-07	9.9999700000900002e-07
3.6185191176753673e-01	9.9999900000099985e-07	2.3321976483832768e-01	7.8011561078099964e-02	2.2910936516120109e-01	7.5141991384651422e-03	9.0292198017369291e-02
4.6554595435799218e-01	9.9999800000400001e-07	2.8066585288583268e-01	6.5081531309443457e-03	6.1583605916543389e-02	9.9999800000400001e-07	1.8569443371268740e-01
5.4126535511933971e-01	1.2680363639054375e-02	1.5017573147301735e-01	9.0737409255334703e-02	2.0513914051725413e-01	9.9999800000400022e-07	9.9999800000400022e-07
8.1201672758707810e-01	5.7923678892568822e-03	4.6556704030193581e-02	3.2747662288519337e-02	1.0288453820895226e-01	9.9999800000400001e-07	9.9999800000400001e-07
7.9196574272501252e-01	9.9999700000900002e-07	2.4550040642633379e-03	5.7351726972005527e-03	1.9984108052252386e-01	9.9999700000900002e-07	9.9999700000900002e-07
9.4724069584428949e-01	9.9999500002499957e-07	9.9999500002499957e-07	5.2754304180710615e-02	9.9999500002499957e-07	9.9999500002499957e-07	9.9999500002499957e-07
4.3644359068987715e-01	7.9253790887480989e-05	1.0693027410464556e-01	3.1458441381326196e-02	1.2891340027238965e-01	2.4305144455201524e-01	5.3123595208858704e-02
7.7923924847044934e-01	9.9999700000900002e-07	4.7768807697116798e-02	6.7683698300348524e-02	1.0530524554108550e-01	9.9999700000900002e-07	9.9999700000900002e-07
2.7399767836343059e-01	9.9999800000400022e-07	2.8958539198049033e-01	1.6499281164419263e-01	2.6804305607679563e-01	9.9999800000400022e-07	3.3790619390909097e-03
4.9795552753647254e-01	1.2537192772091236e-02	3.6101356012634728e-02	1.1734542816912404e-01	3.1276961374254147e-01	9.9999900000100006e-07	2.3289881768135783e-02
4.1331691217173644e-01	9.9999800000400022e-07	1.3170284228402621e-01	1.2332365629982164e-01	2.7757907197607773e-01	9.9999800000400022e-07	5.4075517272337850e-02
5.4178671934764122e-01	2.2352328489197788e-02	1.5236115500682965e-01	9.1852137150292656e-04	2.2555517834576103e-01	1.9098932680870886e-04	5.6835108112258732e-02
9.6802695554909846e-01	9.9999600001599945e-07	9.9999600001599945e-07	1.4596514911185817e-02	9.9999600001599945e-07	9.9999600001599945e-07	1.7372529555715478e-02
7.9562503258469708e-01	6.0152263483544618e-03	1.2326744386994748e-01	1.5201096442573638e-03	7.3570187556743952e-02	9.9999800000400022e-07	9.9999800000400022e-07
5.1605546061721363e-01	9.9999700000900002e-07	1.2418694944743408e-01	6.4167795693984397e-02	2.9558679425036810e-01	9.9999700000900002e-07	9.9999700000900002e-07
2.1848271513302897e-01	9.9999900000099985e-07	1.6398646968995578e-01	8.4816099083687549e-02	2.7478657562720965e-01	3.0388673544991199e-02	2.2753846692212668e-01
9.9999500002499957e-07	1.1399708116879730e-02	9.8859529190812045e-01	9.9999500002499957e-07	9.9999500002499957e-07	9.9999500002499957e-07	9.9999500002499957e-07
9.9999500002500021e-07	9.9999500002500021e-07	9.9999400003000027e-01	9.9999500002500021e-07	9.9999500002500021e-07	9.9999500002500021e-07	9.9999500002500021e-07
9.9999500002499999e-07	8.5717007034999560e-03	9.9142329932150020e-01	9.9999500002499999e-07	9.9999500002499999e-07	9.9999500002499999e-07	9.9999500002499999e-07
9.9999500002500021e-07	9.9999500002500021e-07	9.9999400003000027e-01	9.9999500002500021e-07	9.9999500002500021e-07	9.9999500002500021e-07	9.9999500002500021e-07
9.9999500002500021e-07	9.9999500002500021e-07	9.9999400003000027e-01	9.9999500002500021e-07	9.9999500002500021e-07	9.9999500002500021e-07	9.9999500002500021e-07
9.9999500002500021e-07	9.9999500002500021e-07	9.9999400003000027e-01	9.9999500002500021e-07	9.9999500002500021e-07	9.9999500002500021e-07	9.9999500002500021e-07
9.9999500002500021e-07	9.9999500002500021e-07	9.9999400003000027e-01	9.9999500002500021e-07	9.9999500002500021e-07	9.9999500002500021e-07	9.9999500002500021e-07
9.9999500002500021e-07	9.9999500002500021e-07	9.9999400003000027e-01	9.9999500002500021e-07	9.9999500002500021e-07	9.9999500002500021e-07	9.9999500002500021e-07
9.9999500002500021e-07	9.9999500002500021e-07	9.9999400003000027e-01	9.9999500002500021e-07	9.9999500002500021e-07	9.9999500002500021e-07	9.9999500002500021e-07
9.9999500002500021e-07	9.9999500002500021e-07	9.9999400003000027e-01	9.9999500002500021e-07	9.9999500002500021e-07	9.9999500002500021e-07	9.9999500002500021e-07
9.9999500002500021e-07	9.9999500002500021e-07	9.9999400003000027e-01	9.9999500002500021e-07	9.9999500002500021e-07	9.9999500002500021e-07	9.9999500002500021e-07
9.9999500002500021e-07	9.9999500002500021e-07	9.9999400003000027e-01	9.9999500002500021e-07	9.9999500002500021e-07	9.9999500002500021e-07	9.9999500002500021e-07
9.9999500002500021e-07	9.9999500002500021e-07	9.9999400003000027e-01	9.9999500002500021e-07	9.9999500002500021e-07	9.9999500002500021e-07	9.9999500002500021e-07
9.9999500002500021e-07	9.9999500002500021e-07	9.9999400003000027e-01	9.9999500002500021e-07	9.9999500002500021e-07	9.9999500002500021e-07	9.9999500002500021e-07
9.9999500002500021e-07	9.9999500002500021e-07	9.9999400003000027e-01	9.9999500002500021e-07	9.9999500002500021e-07	9.9999500002500021e-07	9.9999500002500021e-07
9.9999500002500021e-07	9.9999500002500021e-07	9.9999400003000027e-01	9.9999500002500021e-07	9.9999500002500021e-07	9.9999500002500021e-07	9.9999500002500021e-07
9.9999500002500021e-07	9.9999500002500021e-07	9.9999400003000027e-01	9.9999500002500021e-07	9.9999500002500021e-07	9.9999500002500021e-07	9.9999500002500021e-07
9.9999500002500021e-07	9.9999500002500021e-07	9.9999400003000027e-01	9.9999500002500021e-07	9.9999500002500021e-07	9.9999500002500021e-07	9.9999500002500021e-07
9.9999500002500021e-07	1.6515880296519921e-03	9.9834341199534826e-01	9.9999500002500021e-07	9.9999500002500021e-07	9.9999500002500021e-07	9.9999500002500021e-07
9.9999500002500021e-07	9.9999500002500021e-07	9.9999400003000027e-01	9.9999500002500021e-07	9.9999500002500021e-07	9.9999500002500021e-07	9.9999500002500021e-07
9.9999500002500021e-07	9.9999500002500021e-07	9.9999400003000027e-01	9.9999500002500021e-07	9.9999500002500021e-07	9.9999500002500021e-07	9.9999500002500021e-07
9.9999500002500021e-07	9.9999500002500021e-07	9.9999400003000027e-01	9.9999500002500021e-07	9.9999500002500021e-07	9.9999500002500021e-07	9.9999500002500021e-07
9.9999500002499978e-07	1.5839973825688344e-02	9.8415502619931194e-01	9.9999500002499978e-07	9.9999500002499978e-07	9.9999500002499978e-07	9.9999500002499978e-07
9.9999500002500021e-07	9.9999500002500021e-07	9.9999400003000027e-01	9.9999500002500021e-07	9.9999500002500021e-07	9.9999500002500021e-07	9.9999500002500021e-07
9.9999500002499936e-07	1.3566539091539539e-02	9.8642846093346059e-01	9.9999500002499936e-07	9.9999500002499936e-07	9.9999500002499936e-07	9.9999500002499936e-07
9.9999500002500021e-07	9.9999500002500021e-07	9.9999400003000027e-01	9.9999500002500021e-07	9.9999500002500021e-07	9.9999500002500021e-07	9.9999500002500021e-07
9.9999500002499978e-07	5.2693815107293365e-03	9.9472561851427077e-01	9.9999500002499978e-07	9.9999500002499978e-07	9.9999500002499978e-07	9.9999500002499978e-07
9.9999500002500021e-07	9.9999500002500021e-07	9.9999400003000027e-01	9.9999500002500021e-07	9.9999500002500021e-07	9.9999500002500021e-07	9.9999500002500021e-07
9.9999500002500021e-07	9.9999500002500021e-07	9.9999400003000027e-01	9.9999500002500021e-07	9.9999500002500021e-07	9.9999500002500021e-07	9.9999500002500021e-07
9.9999500002500021e-07	9.9999500002500021e-07	9.9999400003000027e-01	9.9999500002500021e-07	9.9999500002500021e-07	9.9999500002500021e-07	9.9999500002500021e-07
9.9999500002500021e-07	9.9999500002500021e-07	9.9999400003000027e-01	9.9999500002500021e-07	9.9999500002500021e-07	9.9999500002500021e-07	9.9999500002500021e-07
9.9999500002500021e-07	9.9999500002500021e-07	9.9999400003000027e-01	9.9999500002500021e-07	9.9999500002500021e-07	9.9999500002500021e-07	9.9999500002500021e-07
9.9999500002500021e-07	9.9999500002500021e-07	9.9999400003000027e-01	9.9999500002500021e-07	9.9999500002500021e-07	9.9999500002500021e-07	9.9999500002500021e-07
9.9999600001599966e-07	1.4601854746882770e-02	9.8472057536822433e-01	9.9999600001599966e-07	6.7356990089308458e-04	9.9999600001599966e-07	9.9999600001599966e-07
9.9999500002500021e-07	9.9999500002500021e-07	9.9999400003000027e-01	9.9999500002500021e-07	9.9999500002500021e-07	9.9999500002500021e-07	9.9999500002500021e-07
9.9999500002499957e-07	1.3479332029318826e-03	9.9864706682206827e-01	9.9999500002499957e-07	9.9999500002499957e-07	9.9999500002499957e-07	9.9999500002499957e-07
9.9999500002500021e-07	9.9999500002500021e-07	9.9999400003000027e-01	9.9999500002500021e-07	9.9999500002500021e-07	9.9999500002500021e-07	9.9999500002500021e-07
9.9999500002500021e-07	9.9999500002500021e-07	9.9999400003000027e-01	9.9999500002500021e-07	9.9999500002500021e-07	9.9999500002500021e-07	9.9999500002500021e-07
9.9999500002500021e-07	9.9999500002500021e-07	9.9999400003000027e-01	9.9999500002500021e-07	9.9999500002500021e-07	9.9999500002500021e-07	9.9999500002500021e-07
9.9999500002500021e-07	9.9999500002500021e-07	9.9999400003000027e-01	9.9999500002500021e-07	9.9999500002500021e-07	9.9999500002500021e-07	9.9999500002500021e-07
9.9999500002499999e-07	1.1519055906316676e-03	9.9884309443436847e-01	9.9999500002499999e-07	9.9999500002499999e-07	9.9999500002499999e-07	9.9999500002499999e-07
9.9999500002500021e-07	9.9999500002500021e-07	9.9999400003000027e-01	9.9999500002500021e-07	9.9999500002500021e-07	9.9999500002500021e-07	9.9999500002500021e-07
9.9999500002500021e-07	9.9999500002500021e-07	9.9999400003000027e-01	9.9999500002500021e-07	9.9999500002500021e-07	9.9999500002500021e-07	9.9999500002500021e-07
9.9999500002500021e-07	9.9999500002500021e-07	9.9999400003000027e-01	9.9999500002500021e-07	9.9999500002500021e-07	9.9999500002500021e-07	9.9999500002500021e-07
9.9999500002500021e-07	9.9999500002500021e-07	9.9999400003000027e-01	9.9999500002500021e-07	9.9999500002500021e-07	9.9999500002500021e-07	9.9999500002500021e-07
9.9999500002500021e-07	9.9999500002500021e-07	9.9999400003000027e-01	9.9999500002500021e-07	9.9999500002500021e-07	9.9999500002500021e-07	9.9999500002500021e-07
9.9999500002500021e-07	9.9999500002500021e-07	9.9999400003000027e-01	9.9999500002500021e-07	9.9999500002500021e-07	9.9999500002500021e-07	9.9999500002500021e-07
9.9999500002500021e-07	9.9999500002500021e-07	9.9999400003000027e-01	9.9999500002500021e-07	9.9999500002500021e-07	9.9999500002500021e-07	9.9999500002500021e-07
9.9999500002500021e-07	9.9999500002500021e-07	9.9999400003000027e-01	9.9999500002500021e-07	9.9999500002500021e-07	9.9999500002500021e-07	9.9999500002500021e-07
9.9999500002499936e-07	3.4701353422180265e-03	9.9652486468278212e-01	9.9999500002499936e-07	9.9999500002499936e-07	9.9999500002499936e-07	9.9999500002499936e-07
9.9999500002499999e-07	9.9999500002499999e-07	9.9999500002499999e-07	9.9999500002499999e-07	9.9999500002499999e-07	9.9999400003000005e-01	9.9999500002499999e-07
9.9999500002499999e-07	9.9999500002499999e-07	9.9999500002499999e-07	9.9999500002499999e-07	9.9999500002499999e-07	9.9999400003000005e-01	9.9999500002499999e-07
9.9999500002499999e-07	9.9999500002499999e-07	9.9999500002499999e-07	9.9999500002499999e-07	9.9999500002499999e-07	9.9999400003000005e-01	9.9999500002499999e-07
9.9999500002499999e-07	9.9999500002499999e-07	9.9999500002499999e-07	9.9999500002499999e-07	9.9999500002499999e-07	9.9999400003000005e-01	9.9999500002499999e-07
9.9999500002499999e-07	9.9999500002499999e-07	9.9999500002499999e-07	9.9999500002499999e-07	9.9999500002499999e-07	9.9999400003000005e-01	9.9999500002499999e-07
9.9999500002499999e-07	9.9999500002499999e-07	9.9999500002499999e-07	9.9999500002499999e-07	9.9999500002499999e-07	9.9999400003000005e-01	9.9999500002499999e-07
9.9999500002499999e-07	9.9999500002499999e-07	9.9999500002499999e-07	9.9999500002499999e-07	9.9999500002499999e-07	9.9999400003000005e-01	9.9999500002499999e-07
9.9999500002499999e-07	9.9999500002499999e-07	9.9999500002499999e-07	9.9999500002499999e-07	9.9999500002499999e-07	9.9999400003000005e-01	9.9999500002499999e-07
9.9999500002499999e-07	9.9999500002499999e-07	9.9999500002499999e-07	9.9999500002499999e-07	9.9999500002499999e-07	9.9999400003000005e-01	9.9999500002499999e-07
9.9999500002499999e-07	9.9999500002499999e-07	9.9999500002499999e-07	9.9999500002499999e-07	9.9999500002499999e-07	9.9999400003000005e-01	9.9999500002499999e-07
9.9999500002499999e-07	9.9999500002499999e-07	9.9999500002499999e-07	9.9999500002499999e-07	9.9999500002499999e-07	9.9999400003000005e-01	9.9999500002499999e-07
9.9999500002499999e-07	9.9999500002499999e-07	9.9999500002499999e-07	9.9999500002499999e-07	9.9999500002499999e-07	9.9999400003000005e-01	9.9999500002499999e-07
9.9999500002499999e-07	9.9999500002499999e-07	9.9999500002499999e-07	9.9999500002499999e-07	9.9999500002499999e-07	9.9999400003000005e-01	9.9999500002499999e-07
9.9999500002499999e-07	9.9999500002499999e-07	9.9999500002499999e-07	9.9999500002499999e-07	9.9999500002499999e-07	9.9999400003000005e-01	9.9999500002499999e-07
9.9999500002499999e-07	9.9999500002499999e-07	9.9999500002499999e-07	9.9999500002499999e-07	9.9999500002499999e-07	9.9999400003000005e-01	9.9999500002499999e-07
