375 8
9.9999500002499999e-07	9.9999500002499999e-07	5.2783876210666205e-04	9.9999500002499999e-07	9.9999500002499999e-07	9.9999500002499999e-07	1.1357734196380356e-04	9.9935358392092932e-01
9.9999500002499999e-07	9.9999500002499999e-07	5.6527930668474731e-02	9.9999500002499999e-07	9.9999500002499999e-07	9.9999500002499999e-07	9.6906156727603540e-04	9.4249800778924908e-01
9.9999400003599996e-07	9.9999400003599996e-07	9.9999400003599996e-07	1.1709067277598114e-04	9.9999400003599996e-07	9.9999400003599996e-07	9.9999400003599996e-07	9.9987690936322382e-01
9.9999500002499978e-07	9.9999500002499978e-07	1.1512904469080049e-03	9.9999500002499978e-07	9.9999500002499978e-07	9.9999500002499978e-07	1.0267848099573458e-03	9.9781692476813455e-01
5.8729884859648786e-03	9.9999700000900002e-07	1.7851403917712974e-01	3.2870329999031725e-03	9.9999700000900002e-07	9.9999700000900002e-07	1.8725380491671587e-01	6.2506913442928647e-01
9.9999500002499999e-07	9.9999500002499999e-07	3.8056192906591114e-04	9.9999500002499999e-07	9.9999500002499999e-07	9.9999500002499999e-07	2.6863406410229884e-04	9.9934580403183160e-01
9.9999600001599987e-07	9.9999600001599987e-07	1.3744189947490129e-01	6.2889160627546865e-04	9.9999600001599987e-07	9.9999600001599987e-07	7.3416965300034792e-04	8.6119103928182295e-01
9.9999400003599954e-07	9.9999400003599954e-07	9.9999400003599954e-07	9.9999400003599954e-07	9.9999400003599954e-07	9.9999400003599954e-07	1.5485918376475445e-04	9.9983914085223491e-01
9.9999400003599975e-07	9.9999400003599975e-07	9.9999400003599975e-07	9.9999400003599975e-07	9.9999400003599975e-07	9.9999400003599975e-07	9.9999400003599975e-07	9.9999300004199976e-01
9.9999600001600008e-07	1.9745038861673905e-01	1.1160466079570751e-01	9.9999600001600008e-07	9.9999600001600008e-07	9.9999600001600008e-07	1.4961194405849748e-01	5.4132900654505600e-01
9.9999400003599975e-07	9.9999400003599975e-07	2.5135790240224023e-03	9.9999400003599975e-07	9.9999400003599975e-07	9.9999400003599975e-07	9.9999400003599975e-07	9.9748042101197731e-01
1.5630579161544472e-01	7.9389266944010772e-03	1.7446729685303045e-01	9.9999700000900023e-07	9.9999700000900023e-07	6.3238540303395735e-02	9.9999700000900023e-07	5.9804644454272815e-01
9.9999600001600030e-07	9.9999600001600030e-07	9.9999600001600030e-07	3.2852991316357279e-02	9.9999600001600030e-07	1.3339456093278332e-01	1.2416524203653621e-01	7.0958320573032330e-01
3.9197006894879281e-02	1.6313209619328356e-01	7.3307682626826701e-02	1.4322810505038287e-02	9.9999900000099985e-07	8.9322011185193492e-02	1.2167988218770941e-01	4.9903751040806915e-01
9.9999400003599975e-07	9.9999400003599975e-07	9.9999400003599975e-07	9.9999400003599975e-07	9.9999400003599975e-07	9.9999400003599975e-07	9.9999400003599975e-07	9.9999300004199976e-01
9.9999500002499978e-07	9.9999500002499978e-07	2.8756325445512926e-01	9.9999500002499978e-07	9.9999500002499978e-07	9.9999500002499978e-07	2.0835059168715914e-01	5.0408115388271157e-01
9.9999400003599954e-07	9.9999400003599954e-07	3.1031931723060863e-01	9.9999400003599954e-07	9.9999400003599954e-07	9.9999400003599954e-07	9.9999400003599954e-07	6.8967468280539124e-01
9.9999700000900002e-07	9.9999700000900002e-07	4.7869983669269331e-03	2.3365941588265448e-02	9.9999700000900002e-07	1.6564610986840123e-01	1.1120039870206921e-01	6.9499755148333719e-01
9.9999400003599975e-07	9.9999400003599975e-07	9.9999400003599975e-07	9.9999400003599975e-07	9.9999400003599975e-07	9.9999400003599975e-07	9.9999400003599975e-07	9.9999300004199976e-01
9.9999500002499999e-07	2.2793853358424052e-04	9.9999500002499999e-07	9.9999500002499999e-07	9.9999500002499999e-07	9.9999500002499999e-07	7.0096457597634528e-04	9.9906609691543924e-01
9.9999500002499999e-07	3.1896621417589442e-04	9.9999500002499999e-07	9.9999500002499999e-07	9.9999500002499999e-07	9.9999500002499999e-07	1.1549507582019132e-04	9.9956053873500372e-01
9.9999700000900002e-07	9.9999700000900002e-07	4.6534516854086445e-02	9.9999700000900002e-07	1.9164630194623933e-01	1.1182326899746826e-01	1.2667759839070949e-01	5.2331531382049645e-01
9.9999400003599996e-07	9.9999400003599996e-07	9.9999400003599996e-07	9.9999400003599996e-07	9.9999400003599996e-07	9.9999400003599996e-07	8.6810241490520345e-04	9.9912589762109472e-01
9.9999400003599932e-07	9.9999400003599932e-07	9.9999400003599932e-07	9.9999400003599932e-07	9.9999400003599932e-07	9.9999400003599932e-07	5.5232634351653450e-05	9.9993876740164800e-01
9.9999400003599975e-07	9.9999400003599975e-07	9.9999400003599975e-07	9.9999400003599975e-07	9.9999400003599975e-07	9.9999400003599975e-07	3.7444525869396978e-04	9.9961955477730580e-01
9.9999400003599996e-07	9.9999400003599996e-07	9.9999400003599996e-07	9.9999400003599996e-07	9.9999400003599996e-07	9.9999400003599996e-07	2.2158480499888202e-03	9.9777815198601094e-01
9.9999500002499978e-07	9.9999500002499978e-07	1.1494105684062776e-03	9.9999500002499978e-07	9.9999500002499978e-07	9.9999500002499978e-07	1.0295412891382519e-03	9.9781604816745539e-01
5.0082736853655357e-03	9.9999700000899981e-07	1.1068128400148725e-01	1.1464948884156868e-02	9.9999700000899981e-07	9.9999700000899981e-07	2.7073967320465725e-01	6.0210282023333306e-01
9.9999400003599975e-07	9.9999400003599975e-07	9.9999400003599975e-07	9.9999400003599975e-07	9.9999400003599975e-07	9.9999400003599975e-07	9.9999400003599975e-07	9.9999300004199976e-01
9.9999400003599975e-07	9.9999400003599975e-07	9.9999400003599975e-07	9.9999400003599975e-07	9.9999400003599975e-07	9.9999400003599975e-07	9.9999400003599975e-07	9.9999300004199976e-01
9.9999400003599975e-07	9.9999400003599975e-07	9.9999400003599975e-07	9.9999400003599975e-07	9.9999400003599975e-07	9.9999400003599975e-07	9.9999400003599975e-07	9.9999300004199976e-01
9.9999400003599975e-07	9.9999400003599975e-07	9.9999400003599975e-07	9.9999400003599975e-07	9.9999400003599975e-07	9.9999400003599975e-07	9.9999400003599975e-07	9.9999300004199976e-01
9.9999400003599996e-07	9.9999400003599996e-07	3.3670574193384969e-02	9.9999400003599996e-07	9.9999400003599996e-07	9.9999400003599996e-07	9.9999400003599996e-07	9.6632342584261477e-01
6.7695583810293491e-01	9.9999700000899981e-07	9.9999700000899981e-07	6.2315162594735853e-03	2.9223036186275431e-01	6.5599548422137050e-04	2.3923288299615836e-02	9.9999700000899981e-07
5.3610924050136033e-01	5.4462966950707389e-02	1.7196479153990128e-03	3.9548012627369962e-03	2.3303451036197600e-01	1.1396171527499085e-01	2.6136322682051138e-02	3.0620795050778297e-02
7.6821747303911059e-01	9.9999500002499978e-07	9.9999500002499978e-07	2.1537927666414004e-03	2.2962373421924820e-01	9.9999500002499978e-07	9.9999500002499978e-07	9.9999500002499978e-07
9.0030584910297307e-01	1.7422142437375339e-02	9.9999700000900002e-07	1.2223527986167616e-02	5.2806293286228857e-02	9.9999700000900002e-07	9.9999700000900002e-07	1.7239187196255130e-02
9.2970314059124182e-01	9.9999700000900002e-07	1.1746547882331081e-02	1.3620795664727460e-02	9.9999700000900002e-07	9.9999700000900002e-07	3.9305012077033630e-02	5.6215037936659879e-03
7.6543550070204758e-01	9.9999400003599975e-07	9.9999400003599975e-07	9.9999400003599975e-07	2.3455849933395226e-01	9.9999400003599975e-07	9.9999400003599975e-07	9.9999400003599975e-07
5.8424688668048608e-01	1.0765579987222251e-01	3.0942098355878789e-02	9.9999900000099985e-07	7.8271763131666283e-02	1.4911299694800281e-01	3.3225510000910578e-03	4.6446904012652404e-02
5.8820373970134177e-01	1.2837480948710031e-01	4.6326894129531705e-02	2.4595696874202717e-02	6.0744214223411759e-02	1.4419019252908938e-01	9.9999900000099985e-07	7.5634530563222623e-03
9.5928107203979618e-01	9.9999400003599996e-07	9.9999400003599996e-07	4.0712927996203803e-02	9.9999400003599996e-07	9.9999400003599996e-07	9.9999400003599996e-07	9.9999400003599996e-07
8.4324612432804191e-01	9.9999500002499978e-07	9.9999500002499978e-07	9.9999500002499978e-07	1.2144656081811872e-01	3.5302314878839378e-02	9.9999500002499978e-07	9.9999500002499978e-07
5.0319054302760802e-01	1.2676340748290826e-01	1.7617641859094677e-02	2.2793801087482284e-02	3.9567550414379829e-02	2.8554260381708080e-01	9.9999900000100006e-07	4.5234523124461296e-03
9.9363931208451339e-01	9.9999400003599954e-07	9.9999400003599954e-07	9.9999400003599954e-07	6.3546879514863909e-03	9.9999400003599954e-07	9.9999400003599954e-07	9.9999400003599954e-07
2.2452188269689913e-01	8.1985147859777327e-02	9.9999600001599945e-07	9.9999600001599945e-07	6.2342303395433130e-01	7.0065935504992377e-02	9.9999600001599945e-07	9.9999600001599945e-07
6.6799186293024138e-01	5.7478737601693232e-02	2.3156935052266774e-02	1.9688834831753133e-04	7.9762634281559663e-02	1.1656644715572732e-01	5.4409517882700542e-02	4.3697674749366321e-04
6.3889710896248342e-01	4.0802400538437165e-02	1.6533069480356013e-02	9.9999800000400001e-07	1.9372652428087905e-01	1.0245702467447282e-01	9.9999800000400001e-07	7.5818720673713107e-03
9.9144076557158489e-01	9.9999400003599996e-07	9.9999400003599996e-07	9.9999400003599996e-07	9.9999400003599996e-07	9.9999400003599996e-07	8.5532344644148831e-03	9.9999400003599996e-07
4.8628835562423806e-01	1.9025264760561128e-01	7.3911305319955816e-04	9.9999800000400001e-07	2.6014562031482785e-01	5.9561545498555635e-02	3.0107179075676760e-03	9.9999800000400001e-07
8.1067558337605194e-01	9.9999600001599987e-07	9.9999600001599987e-07	9.9999600001599987e-07	1.3952981698961522e-01	4.6110883843476384e-02	3.6797158068564741e-03	9.9999600001599987e-07
8.2046175667089805e-01	9.9999600001599987e-07	9.9999600001599987e-07	4.0128102831651158e-03	1.5786138334142288e-01	1.7660049720514128e-02	9.9999600001599987e-07	9.9999600001599987e-07
9.3158195949025546e-01	9.9999500002499978e-07	9.9999500002499978e-07	2.3850829170337304e-03	6.6027957617711033e-02	9.9999500002499978e-07	9.9999500002499978e-07	9.9999500002499978e-07
7.1852964269082420e-01	9.9999700000900023e-07	1.7328857156951285e-02	9.9999700000900023e-07	2.4835005941854740e-01	1.4485321298545267e-02	9.9999700000900023e-07	1.3031194441318894e-03
4.3242079510274772e-01	1.0743844943968832e-01	9.9999700000899960e-07	2.1964564386872408e-02	4.0568922980566369e-01	3.2483961274028000e-02	9.9999700000899960e-07	9.9999700000899960e-07
6.5232137101502008e-01	4.7752286882855377e-02	9.9999700000900002e-07	1.5148606355990964e-02	1.3395346334646677e-01	1.5082127240866700e-01	9.9999700000900002e-07	9.9999700000900002e-07
6.1137432952817261e-01	2.0943082779706187e-01	8.0978413958037055e-03	9.9999700000900044e-07	1.1718357518374981e-01	5.3910426104212185e-02	9.9999700000900044e-07	9.9999700000900044e-07
9.9999400003599932e-07	9.4995358542650887e-01	5.0040414609491282e-02	9.9999400003599932e-07	9.9999400003599932e-07	9.9999400003599932e-07	9.9999400003599932e-07	9.9999400003599932e-07
2.4767248880752638e-01	4.6429440327756416e-01	6.5193394255997808e-02	1.4914430216681525e-02	1.0787817028371720e-01	9.9999900000099985e-07	5.6645393884199952e-02	4.3400719275312936e-02
2.1510042092466788e-01	2.8441579368482889e-01	8.4026062532543740e-03	9.9999900000100006e-07	3.0835943931515464e-01	3.1813886912959471e-02	1.1689753553457038e-01	3.5009317375564182e-02
3.5756470956875445e-02	5.7300836472059080e-01	9.5609224569156132e-02	9.9999900000099985e-07	1.2949475731965693e-01	1.2002597941935590e-01	2.0314730520597795e-03	4.4072729963304878e-02
2.7467213227404896e-01	6.6624850501934973e-01	3.8489110126861528e-02	9.9999700000899917e-07	9.9999700000899917e-07	5.4638169515617936e-03	9.9999700000899917e-07	1.5123435637177704e-02
1.2054274695903631e-01	4.3919863903077211e-01	4.0658279150801675e-02	8.6728414551811833e-03	2.2702080894236476e-01	8.9599533010841448e-02	7.4306151452002422e-02	9.9999900000100006e-07
9.9999900000099985e-07	4.4889654222774933e-01	2.6092747047046325e-02	1.4824080650049887e-02	1.6914835999694486e-01	1.5506964052127248e-01	1.0503940287169437e-01	8.0928226686242541e-02
9.3975770779132287e-02	4.8656157258702276e-01	9.0111614734273329e-02	1.2130509667523414e-02	9.9999900000099964e-07	1.5958604341011093e-01	1.1491943264114363e-01	4.2714056181793622e-02
1.9741767374802699e-01	7.0891495977564989e-01	3.1665776009879534e-02	9.9999800000400022e-07	2.7627211567120339e-02	9.9999800000400022e-07	2.3383486214134500e-02	1.0988892689188836e-02
9.9999700000899939e-07	6.2156075045864512e-01	8.2532413143389993e-02	9.9999700000899939e-07	9.9999700000899939e-07	6.8673381637111425e-02	1.4795490750604257e-01	7.9275547263810697e-02
6.0374370261202004e-01	9.9999700000899960e-07	9.9999700000899960e-07	1.9377183598285143e-02	1.4124443818376789e-01	1.6178342735341783e-01	7.3848248261509084e-02	9.9999700000899960e-07
8.1921220984582555e-01	5.3345823534938608e-02	1.6767108724352348e-02	2.0927931729740182e-02	4.6373057063550417e-02	3.3604889225231867e-02	9.9999900000099985e-07	9.7679798773608814e-03
5.0496411594188062e-01	2.5771179953400426e-02	9.9999600001600030e-07	9.9999600001600030e-07	4.4273545278218718e-01	2.6525251338531897e-02	9.9999600001600030e-07	9.9999600001600030e-07
6.7790573236808260e-01	8.4273923503418641e-02	9.9999500002499978e-07	9.9999500002499978e-07	2.3781534415349867e-01	9.9999500002499978e-07	9.9999500002499978e-07	9.9999500002499978e-07
6.2239909426883078e-01	8.9315224567741547e-02	6.5841015475860427e-03	8.4878240953382596e-03	2.0772689127910524e-01	2.1728530151388530e-02	1.8806134335847303e-02	2.4952199754162296e-02
8.6606972700385432e-01	9.9999700000899981e-07	9.9999700000899981e-07	4.6189586494913134e-03	6.1148069594871519e-02	9.9999700000899981e-07	4.7609458035302261e-02	2.0550786725480427e-02
5.5137980089820515e-01	1.5947432227129171e-01	7.6332956503698188e-02	1.7295084467355781e-02	3.2455604931903796e-02	1.1548797883172725e-01	9.9999900000099985e-07	4.7573252096817904e-02
7.9072130623999359e-01	9.9999700000900002e-07	6.7049189597750553e-02	1.6945475436152817e-03	9.9999700000900002e-07	1.3128638948805504e-01	9.9999700000900002e-07	9.2455671395854522e-03
7.7635578029252095e-01	5.6633403167199219e-02	6.3649437592444846e-02	4.0731927820240616e-04	9.9999800000400044e-07	8.1005412806512148e-02	9.9999800000400044e-07	2.1946646867120563e-02
8.8000106181311244e-01	9.9999700000900002e-07	3.8125686292643360e-02	3.6527214678056300e-03	4.9875086544777764e-02	9.9999700000900002e-07	9.9999700000900002e-07	2.8342443890660592e-02
9.0387590432882747e-01	9.9999600001600008e-07	6.2442669621342074e-03	9.9999600001600008e-07	9.9999600001600008e-07	8.6956228428337487e-02	2.9196002967008627e-03	9.9999600001600008e-07
6.0993994189534850e-01	1.0654129704592102e-01	9.9999700000900002e-07	1.4820685916435743e-02	2.1279942770673313e-01	5.5895647444561741e-02	9.9999700000900002e-07	9.9999700000900002e-07
2.2275616848082685e-01	1.9044241242202612e-02	2.7060516419039428e-02	9.9999900000099985e-07	6.7969819604886766e-02	6.5175574641390577e-01	6.3593161139446309e-03	5.0531917261938718e-03
2.2186941431840201e-01	9.0533411306105774e-02	9.9999700000899981e-07	9.9999700000899981e-07	1.9497250240184996e-01	4.8747639039947638e-01	9.9999700000899981e-07	5.1452815831660300e-03
5.1188269862190078e-02	4.7835808445585992e-01	9.3988690133519015e-02	9.1206145943641525e-03	1.8414813799297108e-01	5.2826812105616516e-02	1.2654310233695323e-01	3.8262885185261883e-03
9.9999700000900002e-07	7.2278673524357828e-01	2.2836005339074462e-02	1.5611950894767225e-02	1.8563506194193977e-01	9.9999700000900002e-07	9.9999700000900002e-07	5.3127246589640166e-02
2.3360959351919317e-02	6.8985632283614939e-01	9.5148407574413268e-03	9.1351322590813976e-03	1.9315801392249149e-01	4.6458980093122548e-03	6.1202018653795952e-02	9.1268142098089051e-03
9.9999400003599954e-07	6.9657477522098166e-01	9.9999400003599954e-07	9.9999400003599954e-07	3.0341922481501832e-01	9.9999400003599954e-07	9.9999400003599954e-07	9.9999400003599954e-07
9.9999800000400022e-07	7.6207509758578840e-01	5.0468086862859037e-02	9.8005296222729056e-03	1.0692073201170078e-01	9.9999800000400022e-07	3.3527349253439045e-02	3.7206204667939793e-02
1.8486073544710199e-02	6.0754095235748007e-01	6.1948373696021006e-02	2.3471095544755443e-02	7.7959687316052476e-02	1.0808167758451930e-01	7.6555373242902305e-02	2.5956766713559259e-02
9.9999600001599966e-07	9.3297835056677236e-01	4.0991584168185838e-02	9.2300765305527374e-03	9.9999600001599966e-07	1.6795988750488995e-02	9.9999600001599966e-07	9.9999600001599966e-07
8.3246679656092129e-02	6.0641708841110054e-01	9.3852045677401130e-02	9.9999800000399980e-07	9.9999800000399980e-07	1.5029276055076232e-01	2.7406601369986877e-02	3.8782824338657047e-02
9.9999700000900023e-07	7.5940471241058705e-01	3.4546175377357644e-02	9.9999700000900023e-07	5.2704232933830426e-02	9.9999700000900023e-07	1.0469320058645672e-01	4.8648678700768090e-02
9.9999400003600017e-07	9.5210041842916493e-01	9.9999400003600017e-07	9.9999400003600017e-07	9.9999400003600017e-07	9.9999400003600017e-07	9.9999400003600017e-07	4.7893581606834719e-02
9.9999800000400022e-07	8.0712770347502305e-01	3.1555781560374654e-02	1.9630237705785172e-02	9.4320901170060659e-02	9.9999800000400022e-07	3.1960035645927226e-02	1.5403340446829169e-02
7.7767089161200039e-03	5.4867750879006694e-01	6.1853038475834926e-02	1.2206932314832936e-02	2.7952524644959886e-01	5.7225885917777913e-02	1.3818120755619230e-02	1.8916558380149214e-02
7.7231561221679645e-01	5.8798930575073530e-02	9.9999900000099985e-07	1.5474761027104060e-02	5.9440682661489580e-02	3.4983126644538912e-02	1.9404960645049405e-02	3.9580926230948006e-02
9.5140834524758988e-01	9.9999600001599966e-07	9.9999600001599966e-07	2.1930001044706971e-04	9.9999600001599966e-07	7.9893746238308069e-03	4.0378980134132110e-02	9.9999600001599966e-07
9.3044232951950789e-01	9.9999500002499936e-07	2.3853848093087455e-02	9.9999500002499936e-07	9.9999500002499936e-07	4.5698822412404722e-02	9.9999500002499936e-07	9.9999500002499936e-07
5.4026669228114355e-01	1.0809321810437313e-01	9.9999700000899960e-07	2.0293887755587158e-03	3.1684503607184850e-01	3.2762664776076270e-02	9.9999700000899960e-07	9.9999700000899960e-07
6.4328353900431556e-01	3.0616054980088500e-02	9.9999700000900002e-07	9.9999700000900002e-07	2.5900659103786805e-01	5.1621830649759108e-02	9.9999700000900002e-07	1.5468984336968769e-02
6.3218556785131264e-01	1.7425514507251344e-01	2.3900395584385090e-02	2.8921127775968264e-03	1.2066580573166587e-01	4.6098972986526411e-02	9.9999800000400001e-07	9.9999800000400001e-07
5.2334760596822738e-01	1.2565605610653949e-01	9.9999700000900002e-07	1.1548156325943091e-02	2.6671349245118420e-01	7.2731689157105942e-02	9.9999700000900002e-07	9.9999700000900002e-07
9.9999900000100006e-07	3.4872021760336830e-01	6.7747456290993519e-02	2.1519166332504995e-02	1.4017642155634816e-01	3.4259135135024116e-01	6.1433390938754655e-02	1.7810995928789156e-02
2.0615328659548635e-01	3.9780232912894020e-01	5.6312647351144940e-02	9.9999800000399938e-07	7.9785482099857002e-02	9.9999800000399938e-07	1.8166253074725650e-01	7.8281724081314896e-02
9.9999800000400022e-07	6.3893119860239456e-01	1.4363210675466141e-02	1.6171195954108448e-02	2.4792481274324119e-01	3.8601886217764489e-02	9.9999800000400022e-07	4.4005695811025203e-02
9.9999900000099964e-07	6.2741727218905097e-01	4.2400199990149087e-02	1.4015099758064471e-03	7.9377308343033567e-02	9.3617179555410997e-03	1.6417087910773892e-01	7.5870112439679768e-02
9.9999600001599966e-07	9.3335895904933264e-01	5.4978464270873030e-02	6.6993665105659298e-03	9.9999600001599966e-07	9.9999600001599966e-07	9.9999600001599966e-07	4.9592101852281674e-03
6.6327913925875739e-02	5.8489932256169175e-01	1.8340700865880216e-02	1.2889724845010679e-02	2.8444284620818666e-01	9.9999800000399980e-07	3.3097491597355040e-02	9.9999800000399980e-07
9.9999400003599932e-07	7.9803981955748349e-01	9.9999400003599932e-07	9.9999400003599932e-07	2.0195418047851632e-01	9.9999400003599932e-07	9.9999400003599932e-07	9.9999400003599932e-07
9.9999700000899981e-07	8.4828697194868430e-01	6.6516816576519810e-02	1.6197824345668257e-02	5.3442262262641253e-02	9.9999700000899981e-07	9.9999700000899981e-07	1.5553124875486187e-02
8.2447053404249876e-02	6.5788724539024557e-01	4.1912426583459679e-02	3.0412787486382882e-03	1.5884094889381120e-01	9.9999800000400001e-07	5.5869046983595363e-02	9.9999800000400001e-07
9.9999800000399980e-07	6.6189969923275582e-01	2.1825899957462685e-02	9.9999800000399980e-07	2.0343485270292814e-03	1.4725806902168903e-01	1.1722706522484358e-01	4.9752918040219501e-02
6.7842097768190779e-02	6.2279930710068021e-01	1.0262751821628412e-02	1.0124989065125120e-02	1.0980875737916686e-01	6.8531580305299100e-02	7.5309253577560534e-02	3.5321262982349055e-02
9.9999700000900002e-07	4.7255662460411879e-01	1.3822008744394890e-01	9.9999700000900002e-07	9.9999700000900002e-07	1.0168949947181344e-01	2.0312226240777653e-01	8.4408526081342458e-02
9.9999700000900044e-07	8.0264121217964357e-01	6.4599539023946662e-02	9.9999700000900044e-07	6.0466707206110720e-02	9.9999700000900044e-07	4.9641124577570889e-02	2.2648417021728092e-02
7.0525972519531133e-02	6.9054883716123605e-01	3.5585198126464233e-02	1.6927828852387149e-02	1.3475019544619099e-02	6.1154094716890192e-02	7.8369168730338917e-02	3.3413880348533417e-02
6.8999328636319787e-02	6.1210326917195546e-01	9.9999700000899981e-07	2.7886329097279821e-02	2.6443787471141339e-01	2.6570198392031525e-02	9.9999700000899981e-07	9.9999700000899981e-07
7.6312083215949666e-01	3.6556240210671331e-02	9.9999900000100006e-07	1.2464886502145320e-02	4.5365468835313803e-02	7.7122675923743764e-02	4.8630152982785432e-02	1.6738743386843662e-02
6.3211442093424008e-01	9.4907503894675713e-02	3.1790188163658348e-03	2.7294346601462221e-02	8.9896575599851050e-02	1.3611327513077570e-01	9.9999900000099985e-07	1.6493859023629320e-02
6.4609353504082712e-01	1.1792147735949539e-02	2.6177665532061693e-02	1.2570644581388131e-02	9.7970976252667319e-02	1.0592604990806495e-01	8.6382027849351270e-02	1.3086953099689949e-02
7.8463751721085506e-01	9.9999800000400022e-07	4.7788093227734904e-03	9.9999800000400022e-07	3.0173196080257397e-02	9.0164041863213862e-02	7.9242112485949603e-02	1.1002323040950588e-02
6.1230786846884511e-01	1.1384594804025901e-01	3.6960459576674707e-03	6.2482449568376569e-03	8.6521818055349892e-02	1.1115622471218710e-01	5.6696962782729121e-02	9.5268870261248535e-03
1.2703504385389239e-01	4.1327225964886405e-01	1.3508251746908190e-01	2.6798490915904648e-02	1.1809869018864477e-01	9.9999900000100006e-07	1.2663950759638434e-01	5.3072490328227806e-02
9.9999600001600030e-07	7.6683604577757902e-01	8.9139319827082286e-02	9.9999600001600030e-07	9.9999600001600030e-07	9.9999600001600030e-07	1.0369204374842653e-01	4.0328590662912056e-02
1.6190167199037205e-02	5.8872911515865722e-01	6.3512380153909559e-02	6.4689001005902745e-03	7.5593986389905166e-02	1.3386862562798611e-02	2.2484128241540316e-01	1.1277306019698724e-02
6.6781151360225346e-02	5.1133251533789892e-01	1.1000799895778395e-01	4.9142829395955471e-03	1.0974204990976320e-01	2.3056566198442627e-02	8.2688982316570486e-02	9.1476452979719999e-02
9.9999900000099985e-07	1.8404733346124391e-01	7.2526547209570191e-02	1.6378479177500252e-02	2.2823887564051223e-01	2.6679347753043253e-01	1.3517387640910342e-01	9.6840410572637425e-02
9.9999400003599975e-07	9.8746928512352838e-01	9.9999400003599975e-07	1.2524714912471740e-02	9.9999400003599975e-07	9.9999400003599975e-07	9.9999400003599975e-07	9.9999400003599975e-07
9.9999400003599975e-07	6.4147902601907847e-01	9.9999400003599975e-07	9.9999400003599975e-07	3.5851497401692156e-01	9.9999400003599975e-07	9.9999400003599975e-07	9.9999400003599975e-07
8.6175609441344933e-02	4.7047143305740380e-01	1.6635069282556356e-02	1.4291941255393270e-02	2.7960532018630113e-01	1.3281862678100079e-01	9.9999800000400022e-07	9.9999800000400022e-07
9.9999400003599932e-07	5.9769791709351272e-01	9.9999400003599932e-07	9.9999400003599932e-07	4.0229608294248714e-01	9.9999400003599932e-07	9.9999400003599932e-07	9.9999400003599932e-07
9.9999700000899981e-07	6.2290380169244641e-01	1.6692329238892170e-01	9.9999700000899981e-07	9.9999700000899981e-07	7.9175156992259119e-02	1.2886698843221828e-01	2.1277605031544246e-03
1.0590256537482090e-01	4.5440964334707740e-01	6.0254522908104555e-02	1.3401449749425001e-03	6.5172450572904883e-02	8.3001142733196059e-02	1.7915677756021364e-01	5.0762752528740067e-02
9.9999700000900002e-07	8.2146360250074546e-01	1.1473945538423398e-01	1.2486017971194987e-03	9.9999700000900002e-07	2.0327779566638313e-02	9.9999700000900002e-07	4.2217560760262604e-02
2.4869931707984850e-03	5.2453962015305111e-01	6.9110854589515575e-02	9.9999900000100027e-07	5.1694050063462282e-02	1.9856860236732587e-01	1.2462067728634381e-01	2.8978202370502824e-02
9.9999700000900002e-07	2.4725831923339631e-01	3.6328814237581369e-01	9.9999700000900002e-07	7.8316959417564128e-02	9.9999700000900002e-07	2.1862055843974540e-01	9.2513020542480506e-02
4.0062759370119765e-02	2.2263506751171877e-01	5.7515508658993131e-01	5.3311266849973291e-03	1.3193184185805115e-01	9.9999900000100027e-07	1.8875522616428955e-02	6.0075953697527303e-03
9.9999700000899981e-07	4.6708923119433858e-02	8.1575705141570531e-01	1.0278355567819964e-02	9.9999700000899981e-07	9.9999700000899981e-07	6.8244831459510630e-02	5.9007838446530091e-02
9.1583225388502179e-02	1.0957754349317322e-01	3.7289769165478559e-01	6.1825518510298869e-03	1.6972697560823105e-01	9.9999900000100006e-07	2.0044397446983669e-01	4.9587037535441462e-02
1.5250418092913851e-01	1.5094152011381207e-01	3.4067666800981750e-01	7.4903760170389241e-03	6.1554317932605199e-02	1.0330313368197774e-01	1.2008213211604309e-01	6.3447671199567124e-02
2.6814424252952357e-02	2.9688518870128567e-02	7.2420123045639939e-01	8.4804212396165299e-03	6.2786916414640556e-02	9.7746266244280993e-03	1.1037396251880818e-01	2.7879899623026404e-02
3.7804120677415363e-02	1.9868904505019194e-01	6.7263155516173923e-01	1.0467579804910029e-02	2.5619289782889510e-02	9.9999900000100006e-07	4.6866700711545202e-02	7.9207088123086980e-03
8.5487283271741307e-02	2.0608068477314181e-02	4.7742396383878571e-01	3.5679869972862865e-03	1.1951872233706078e-01	9.9999900000100006e-07	1.4442028331927573e-01	1.4897269175953590e-01
9.9999500002499957e-07	9.9999500002499957e-07	8.0735320098535535e-01	9.9999500002499957e-07	9.9999500002499957e-07	9.9999500002499957e-07	8.8402202954424497e-02	1.0423959608521995e-01
9.9999700000900002e-07	3.0219774972612499e-02	6.4895203746217078e-01	9.9999700000900002e-07	4.2290591281069997e-04	9.9999700000900002e-07	2.2016556414512445e-01	1.0023671751628144e-01
9.9999500002499957e-07	9.9999500002499957e-07	6.5695816184105249e-01	9.9999500002499957e-07	9.9999500002499957e-07	9.9999500002499957e-07	1.4998714646203343e-01	1.9304969172191389e-01
2.0366454604780978e-02	5.0475085238366448e-02	5.7821780496214081e-01	6.9841512058816156e-03	1.5365510608822538e-01	9.9999900000099985e-07	1.4590327249362547e-01	4.4397125407979209e-02
9.9999800000400044e-07	1.7635740516968992e-02	5.5176834923781648e-01	5.8516530576277429e-03	1.0945808561691338e-01	9.9999800000400044e-07	2.0602019325844434e-01	1.0926397831622908e-01
1.2103003526418063e-01	2.5862259106406776e-01	2.1948688358786711e-01	9.4051789002539306e-03	1.2569270307404826e-02	9.9999900000100006e-07	2.7410950678332940e-01	1.0477553409389627e-01
4.7482820023603413e-02	1.0379921468094326e-01	4.3397180176661659e-01	1.1635372677370489e-02	9.9999900000100006e-07	1.6286485892192282e-01	1.8711579715626356e-01	5.3129134774279940e-02
9.9999800000399980e-07	7.9931990697593477e-02	3.8291355273872824e-01	4.8275320427088528e-03	9.9999800000399980e-07	4.2922906490976340e-02	2.6034571484931884e-01	2.2905630318467421e-01
9.9999600001599966e-07	8.9534760721503903e-02	6.8752320323324312e-01	9.9999600001599966e-07	9.9999600001599966e-07	9.9999600001599966e-07	1.9209073921110226e-01	3.0847296850150589e-02
9.9999500002499936e-07	9.9999500002499936e-07	9.9440561153849305e-01	3.0610782761980251e-04	9.9999500002499936e-07	9.9999500002499936e-07	9.9999500002499936e-07	5.2832806588869428e-03
1.1843089739648632e-01	2.0731394318389512e-01	3.9835478277694142e-01	6.8716343989576358e-03	7.8575465404500749e-02	9.9999900000099985e-07	1.4221227689471425e-01	4.8239999945504479e-02
1.5413817601643834e-01	5.5996976283890262e-02	3.6060323150364743e-01	8.3916380813056912e-03	8.7683775847211598e-02	1.4433758585612250e-01	1.1886353735101970e-01	6.9985079060364414e-02
8.1661484628059403e-02	9.9999900000099964e-07	6.4413839674694862e-01	9.6977182482246189e-03	7.7983037307318162e-02	2.7099972920429091e-02	1.0357175800655416e-01	5.5846632143465857e-02
1.2616025814457524e-01	8.2254429488824596e-02	5.6666229187979655e-01	6.3646101614848885e-04	1.6417013937639963e-01	9.9999900000100027e-07	6.2037552353878126e-03	5.3911664859867703e-02
1.0471145713090882e-01	9.1279983718836749e-02	6.1599078200858048e-01	9.9999700000899981e-07	1.3226657426320017e-02	9.9999700000899981e-07	1.7478811972435379e-01	9.9999700000899981e-07
5.4936658471137323e-02	9.1646176747107719e-02	4.9079711314708174e-01	4.1175492855733346e-02	6.6983169110488322e-02	1.0861049050689027e-02	2.2234544809384851e-01	2.1254892523913969e-02
9.9999700000899960e-07	1.0982298548874549e-01	6.1547806245786940e-01	9.9999700000899960e-07	1.1717730813151653e-01	9.9999700000899960e-07	1.4516524549985516e-01	1.2353398431013568e-02
8.8492304594288654e-02	3.6855006918132399e-02	5.5959374350121416e-01	9.9999800000400022e-07	1.8072340364568829e-01	9.9999800000400022e-07	1.1257611424145930e-01	2.1757427103217170e-02
9.9999700000900023e-07	9.9999700000900023e-07	5.8748170941288347e-01	5.6165986771316038e-03	4.7533023464005127e-02	9.9999700000900023e-07	2.1710381470389686e-01	1.4226185375108297e-01
9.9999800000400022e-07	1.3885374886587398e-02	5.1801033746846192e-01	3.0353616458957434e-02	4.6515385821649631e-03	9.9999800000400022e-07	3.6112725625701320e-01	7.1969876350815101e-02
7.3054828687444014e-03	2.0093868167139279e-02	6.9904274165534808e-01	5.2501529272670228e-03	1.3121301470625479e-01	6.2319026828379694e-03	1.3086183699340850e-01	9.9999900000100006e-07
9.6706402443224815e-02	5.4354165426335699e-02	5.1905902577115903e-01	9.9999700000899960e-07	9.9999700000899960e-07	9.9999700000899960e-07	2.3968117196495278e-01	9.0196234403327594e-02
1.4240890874769263e-01	4.2469544429711417e-02	5.2573870506149267e-01	5.0363942192208624e-03	1.6728603390437741e-01	9.9999900000100027e-07	1.0908491208301094e-01	7.9745015554941717e-03
9.9999700000900023e-07	9.1018756390458394e-03	6.3177019670476797e-01	1.4384578108806077e-02	9.9999700000900023e-07	9.9999700000900023e-07	2.0114105915833780e-01	1.4359929039804231e-01
9.9999700000899939e-07	9.9999700000899939e-07	7.0796462451836728e-01	9.5617642455026516e-03	6.6412194015489354e-02	9.9999700000899939e-07	1.8559243096631728e-01	3.0465986263323263e-02
9.9999700000900002e-07	2.1192167621528923e-02	7.3495362867357883e-01	9.9999700000900002e-07	2.3672884270700867e-03	9.9999700000900002e-07	1.5569769793676383e-01	8.5786217350058397e-02
5.8283264685485706e-03	2.0554995300525017e-01	4.0802418443806171e-01	9.9999900000099985e-07	1.3805080548174795e-01	6.4069481746998639e-03	1.6611009677601951e-01	7.0028685656672127e-02
1.2071230790255257e-01	1.0462864521062612e-01	4.6607172233710925e-01	9.9999800000400044e-07	2.5034629179192414e-01	9.9999800000400044e-07	5.5378489768659230e-02	2.8605429931287695e-03
9.9999800000399938e-07	1.1658991971377981e-01	5.8451134913434066e-01	1.2115888211754529e-02	5.5071175401753950e-02	9.9999800000399938e-07	1.4045915734819844e-01	9.1250510194172546e-02
9.9999700000900002e-07	9.9999700000900002e-07	8.3550202945067065e-01	5.0306888758168133e-03	4.4937367490339337e-02	9.9999700000900002e-07	7.6627211542706561e-02	3.7899702649466877e-02
9.9999500002499999e-07	9.9999500002499999e-07	8.2157662637354234e-01	9.9999500002499999e-07	9.9999500002499999e-07	9.9999500002499999e-07	1.6296271258196193e-01	1.5455661069495551e-02
9.9999400003599996e-07	9.9999400003599996e-07	9.3914279638072651e-01	9.9999400003599996e-07	9.9999400003599996e-07	9.9999400003599996e-07	9.9999400003599996e-07	6.0851203655273210e-02
3.5522125242779617e-02	5.8502591059019617e-03	4.4762642582370371e-01	9.9999900000100027e-07	1.0639574544233769e-01	2.4218104918168817e-01	1.2513340646990076e-01	3.7289988734688001e-02
9.9999700000900002e-07	4.6153283977193690e-02	8.1163916774541600e-01	9.9999700000900002e-07	1.6013386346776553e-02	9.9999700000900002e-07	5.2925784100738997e-02	7.3265377838874796e-02
9.9999700000899981e-07	9.3434646195456161e-02	3.3437243916932585e-01	9.9999700000899981e-07	2.0830498818421436e-01	9.9999700000899981e-07	2.0474443463795208e-01	1.5914049182205164e-01
9.9999700000899981e-07	7.4919189306317205e-02	5.7438263885317364e-01	6.7187676829033533e-03	9.9999700000899981e-07	9.9999700000899981e-07	2.2342461686961579e-01	1.2055178729698997e-01
5.3153972744929619e-02	9.9999700000899981e-07	4.7869813807714312e-01	9.9999700000899981e-07	1.1568091626381502e-01	9.9999700000899981e-07	2.3616525225326324e-01	1.1629872066984900e-01
2.0873375749091112e-02	2.9426325285458205e-02	5.4982676861545254e-01	2.0506452816431851e-02	1.3407942662076183e-01	9.9999900000099964e-07	2.4254517925910202e-01	2.7414716547023489e-03
9.9999500002499957e-07	3.1064692423392826e-02	9.5631119114449081e-01	9.9999500002499957e-07	9.9999500002499957e-07	9.9999500002499957e-07	9.9999500002499957e-07	1.2619116457116077e-02
9.9999700000899981e-07	2.9067556762146670e-02	8.0682109876691388e-01	5.4258730260865621e-03	9.7416861241634262e-02	9.9999700000899981e-07	6.1265610212218553e-02	9.9999700000899981e-07
9.9999700000899981e-07	5.1799463578860540e-02	5.6522099876561116e-01	9.9999700000899981e-07	6.7400739693430384e-02	9.9999700000899981e-07	2.4694814908062035e-01	6.8627648890477594e-02
1.5479794660185470e-01	1.4080990064953394e-01	2.6091892698763969e-01	9.9999900000099985e-07	1.0292285962751484e-01	2.6710872935988117e-02	2.3344941118029214e-01	8.0389082018176503e-02
9.9999400003599954e-07	9.9999400003599954e-07	9.9999400003599954e-07	1.0344993339592557e-02	9.8964900669640743e-01	9.9999400003599954e-07	9.9999400003599954e-07	9.9999400003599954e-07
9.9999400003599996e-07	9.9999400003599996e-07	9.9999400003599996e-07	9.9999400003599996e-07	9.9999300004199998e-01	9.9999400003599996e-07	9.9999400003599996e-07	9.9999400003599996e-07
9.9999400003599975e-07	9.9999400003599975e-07	9.9999400003599975e-07	9.1822476628983293e-03	9.9081175237310160e-01	9.9999400003599975e-07	9.9999400003599975e-07	9.9999400003599975e-07
9.9999400003599996e-07	9.9999400003599996e-07	9.9999400003599996e-07	9.9999400003599996e-07	9.9999300004199998e-01	9.9999400003599996e-07	9.9999400003599996e-07	9.9999400003599996e-07
9.9999400003599996e-07	9.9999400003599996e-07	9.9999400003599996e-07	9.9999400003599996e-07	9.9999300004199998e-01	9.9999400003599996e-07	9.9999400003599996e-07	9.9999400003599996e-07
9.9999400003599996e-07	9.9999400003599996e-07	9.9999400003599996e-07	9.9999400003599996e-07	9.9999300004199998e-01	9.9999400003599996e-07	9.9999400003599996e-07	9.9999400003599996e-07
9.9999400003599996e-07	9.9999400003599996e-07	9.9999400003599996e-07	9.9999400003599996e-07	9.9999300004199998e-01	9.9999400003599996e-07	9.9999400003599996e-07	9.9999400003599996e-07
9.9999400003599996e-07	9.9999400003599996e-07	9.9999400003599996e-07	9.9999400003599996e-07	9.9999300004199998e-01	9.9999400003599996e-07	9.9999400003599996e-07	9.9999400003599996e-07
9.9999400003599996e-07	9.9999400003599996e-07	9.9999400003599996e-07	9.9999400003599996e-07	9.9999300004199998e-01	9.9999400003599996e-07	9.9999400003599996e-07	9.9999400003599996e-07
9.9999400003599996e-07	9.9999400003599996e-07	9.9999400003599996e-07	9.9999400003599996e-07	9.9999300004199998e-01	9.9999400003599996e-07	9.9999400003599996e-07	9.9999400003599996e-07
9.9999400003599996e-07	9.9999400003599996e-07	9.9999400003599996e-07	9.9999400003599996e-07	9.9999300004199998e-01	9.9999400003599996e-07	9.9999400003599996e-07	9.9999400003599996e-07
9.9999400003599996e-07	9.9999400003599996e-07	9.9999400003599996e-07	9.9999400003599996e-07	9.9999300004199998e-01	9.9999400003599996e-07	9.9999400003599996e-07	9.9999400003599996e-07
9.9999400003599996e-07	9.9999400003599996e-07	9.9999400003599996e-07	9.9999400003599996e-07	9.9999300004199998e-01	9.9999400003599996e-07	9.9999400003599996e-07	9.9999400003599996e-07
9.9999400003599996e-07	9.9999400003599996e-07	9.9999400003599996e-07	9.9999400003599996e-07	9.9999300004199998e-01	9.9999400003599996e-07	9.9999400003599996e-07	9.9999400003599996e-07
9.9999400003599996e-07	9.9999400003599996e-07	9.9999400003599996e-07	9.9999400003599996e-07	9.9999300004199998e-01	9.9999400003599996e-07	9.9999400003599996e-07	9.9999400003599996e-07
9.9999400003599996e-07	9.9999400003599996e-07	9.9999400003599996e-07	9.9999400003599996e-07	9.9999300004199998e-01	9.9999400003599996e-07	9.9999400003599996e-07	9.9999400003599996e-07
9.9999400003599996e-07	9.9999400003599996e-07	9.9999400003599996e-07	9.9999400003599996e-07	9.9999300004199998e-01	9.9999400003599996e-07	9.9999400003599996e-07	9.9999400003599996e-07
9.9999400003599996e-07	9.9999400003599996e-07	9.9999400003599996e-07	9.9999400003599996e-07	9.9999300004199998e-01	9.9999400003599996e-07	9.9999400003599996e-07	9.9999400003599996e-07
9.9999400003599975e-07	9.9999400003599975e-07	9.9999400003599975e-07	5.7996777259255875e-04	9.9941403226340741e-01	9.9999400003599975e-07	9.9999400003599975e-07	9.9999400003599975e-07
9.9999400003599996e-07	9.9999400003599996e-07	9.9999400003599996e-07	9.9999400003599996e-07	9.9999300004199998e-01	9.9999400003599996e-07	9.9999400003599996e-07	9.9999400003599996e-07
9.9999400003599996e-07	9.9999400003599996e-07	9.9999400003599996e-07	9.9999400003599996e-07	9.9999300004199998e-01	9.9999400003599996e-07	9.9999400003599996e-07	9.9999400003599996e-07
9.9999400003599996e-07	9.9999400003599996e-07	9.9999400003599996e-07	9.9999400003599996e-07	9.9999300004199998e-01	9.9999400003599996e-07	9.9999400003599996e-07	9.9999400003599996e-07
9.9999400003599996e-07	9.9999400003599996e-07	9.9999400003599996e-07	1.5811886316952940e-02	9.8418211371904718e-01	9.9999400003599996e-07	9.9999400003599996e-07	9.9999400003599996e-07
9.9999400003599996e-07	9.9999400003599996e-07	9.9999400003599996e-07	9.9999400003599996e-07	9.9999300004199998e-01	9.9999400003599996e-07	9.9999400003599996e-07	9.9999400003599996e-07
9.9999400003599954e-07	9.9999400003599954e-07	9.9999400003599954e-07	1.3521698403955144e-02	9.8647230163204491e-01	9.9999400003599954e-07	9.9999400003599954e-07	9.9999400003599954e-07
9.9999400003599996e-07	9.9999400003599996e-07	9.9999400003599996e-07	9.9999400003599996e-07	9.9999300004199998e-01	9.9999400003599996e-07	9.9999400003599996e-07	9.9999400003599996e-07
9.9999400003599996e-07	9.9999400003599996e-07	9.9999400003599996e-07	4.7271723249520375e-03	9.9526682771104802e-01	9.9999400003599996e-07	9.9999400003599996e-07	9.9999400003599996e-07
9.9999400003599996e-07	9.9999400003599996e-07	9.9999400003599996e-07	9.9999400003599996e-07	9.9999300004199998e-01	9.9999400003599996e-07	9.9999400003599996e-07	9.9999400003599996e-07
9.9999400003599996e-07	9.9999400003599996e-07	9.9999400003599996e-07	9.9999400003599996e-07	9.9999300004199998e-01	9.9999400003599996e-07	9.9999400003599996e-07	9.9999400003599996e-07
9.9999400003599996e-07	9.9999400003599996e-07	9.9999400003599996e-07	9.9999400003599996e-07	9.9999300004199998e-01	9.9999400003599996e-07	9.9999400003599996e-07	9.9999400003599996e-07
9.9999400003599996e-07	9.9999400003599996e-07	9.9999400003599996e-07	9.9999400003599996e-07	9.9999300004199998e-01	9.9999400003599996e-07	9.9999400003599996e-07	9.9999400003599996e-07
9.9999400003599996e-07	9.9999400003599996e-07	9.9999400003599996e-07	9.9999400003599996e-07	9.9999300004199998e-01	9.9999400003599996e-07	9.9999400003599996e-07	9.9999400003599996e-07
9.9999400003599996e-07	9.9999400003599996e-07	9.9999400003599996e-07	9.9999400003599996e-07	9.9999300004199998e-01	9.9999400003599996e-07	9.9999400003599996e-07	9.9999400003599996e-07
9.9999500002499915e-07	9.9999500002499915e-07	9.9999500002499915e-07	1.0545973197169068e-02	9.8263981052349803e-01	9.9999500002499915e-07	6.8092163043327802e-03	9.9999500002499915e-07
