375 6
9.9999700000899981e-07	9.9999700000899981e-07	9.9996316075511005e-01	2.5812292056868110e-05	8.0269618333455838e-06	9.9999700000899981e-07
9.9999700000900002e-07	6.4887182110576078e-02	9.3508246816951135e-01	2.7349728912603414e-05	9.9999700000900002e-07	9.9999700000900002e-07
9.9999600001600030e-07	9.9999600001600030e-07	9.9999500002000030e-01	9.9999600001600030e-07	9.9999600001600030e-07	9.9999600001600030e-07
9.9999600001599945e-07	9.9999600001599945e-07	9.9995800016137515e-01	3.7999854624935497e-05	9.9999600001599945e-07	9.9999600001599945e-07
9.9999800000400001e-07	2.5588221729142097e-01	6.8666668419450716e-01	3.1630863731150906e-02	2.5818234786921142e-02	9.9999800000400001e-07
9.9999700000899981e-07	9.9999700000899981e-07	9.9996480271026489e-01	2.6634553823413788e-05	5.5627449118602061e-06	9.9999700000899981e-07
9.9999700000900023e-07	1.1779855531952506e-01	8.8215809584470961e-01	4.0348844765526602e-05	9.9999700000900023e-07	9.9999700000900023e-07
9.9999600001600030e-07	9.9999600001600030e-07	9.9999500002000030e-01	9.9999600001600030e-07	9.9999600001600030e-07	9.9999600001600030e-07
9.9999600001599966e-07	9.9999600001599966e-07	9.9990303487725773e-01	9.2965138742407240e-05	9.9999600001599966e-07	9.9999600001599966e-07
9.9999700000900002e-07	1.8582918338218465e-01	6.2613529531930256e-01	9.9999700000900002e-07	1.8803252130751291e-01	9.9999700000900002e-07
9.9999600001600030e-07	9.9999600001600030e-07	9.9999500002000030e-01	9.9999600001600030e-07	9.9999600001600030e-07	9.9999600001600030e-07
9.9999800000400022e-07	1.6284935605925233e-01	6.4184876456184481e-01	9.9999800000400022e-07	1.0575431532065123e-01	8.9545564062251504e-02
1.4178543493115031e-01	4.2041273649012688e-02	7.6311680060175457e-01	2.5938509502686790e-02	2.7116981316395613e-02	9.9999900000100027e-07
1.0394521853662089e-01	1.2493035963264804e-01	5.7648127981187314e-01	2.0062120911819269e-02	1.7458002110803864e-01	9.9999900000100006e-07
9.9999600001600030e-07	9.9999600001600030e-07	9.9999500002000030e-01	9.9999600001600030e-07	9.9999600001600030e-07	9.9999600001600030e-07
9.9999700000899960e-07	3.9523262775780749e-01	5.7547330170522348e-01	9.9999700000899960e-07	2.9291070545968988e-02	9.9999700000899960e-07
9.9999600001600008e-07	2.8728298211207992e-01	7.1271301790392039e-01	9.9999600001600008e-07	9.9999600001600008e-07	9.9999600001600008e-07
1.6946005975634593e-01	4.0117124422736905e-02	7.4915320188958723e-01	4.1267613935330079e-02	9.9999800000399980e-07	9.9999800000399980e-07
9.9999600001599966e-07	9.9999600001599966e-07	9.9996828215025546e-01	2.7717865744756818e-05	9.9999600001599966e-07	9.9999600001599966e-07
9.9999600001600030e-07	9.9999600001600030e-07	9.9999500002000030e-01	9.9999600001600030e-07	9.9999600001600030e-07	9.9999600001600030e-07
9.9999600001599966e-07	9.9999600001599966e-07	9.9977701586902479e-01	2.1898414697529188e-04	9.9999600001599966e-07	9.9999600001599966e-07
1.1271541316056499e-01	9.6475673914251742e-02	5.6750873687359094e-01	9.9999800000400044e-07	2.2329817605559243e-01	9.9999800000400044e-07
9.9999600001600030e-07	9.9999600001600030e-07	9.9999500002000030e-01	9.9999600001600030e-07	9.9999600001600030e-07	9.9999600001600030e-07
9.9999600001600030e-07	9.9999600001600030e-07	9.9999500002000030e-01	9.9999600001600030e-07	9.9999600001600030e-07	9.9999600001600030e-07
9.9999700000899960e-07	9.9999700000899960e-07	9.9996450739412623e-01	2.8077179373176372e-05	4.4154355005860161e-06	9.9999700000899960e-07
9.9999600001599945e-07	9.9999600001599945e-07	9.9996645896133041e-01	2.9541054669852430e-05	9.9999600001599945e-07	9.9999600001599945e-07
9.9999700000900002e-07	9.9999700000900002e-07	9.9996191286082614e-01	3.2183086716147873e-05	2.9040614578411475e-06	9.9999700000900002e-07
1.3260301660428691e-02	2.3501896860627461e-01	6.7126824788187223e-01	3.5275184104034958e-03	7.6923963442021071e-02	9.9999900000100006e-07
9.9999600001599966e-07	9.9999600001599966e-07	9.9995667115048248e-01	9.9999600001599966e-07	3.9328865517619455e-05	9.9999600001599966e-07
9.9999600001600030e-07	9.9999600001600030e-07	9.9999500002000030e-01	9.9999600001600030e-07	9.9999600001600030e-07	9.9999600001600030e-07
9.9999600001600030e-07	9.9999600001600030e-07	9.9999500002000030e-01	9.9999600001600030e-07	9.9999600001600030e-07	9.9999600001600030e-07
9.9999600001600030e-07	9.9999600001600030e-07	9.9999500002000030e-01	9.9999600001600030e-07	9.9999600001600030e-07	9.9999600001600030e-07
9.9999600001599966e-07	1.9505619550103985e-02	9.8049038046589632e-01	9.9999600001599966e-07	9.9999600001599966e-07	9.9999600001599966e-07
9.9999900000100006e-07	7.6750956609515267e-02	2.4013962908819304e-02	1.0130627444654466e-02	8.0818428400308040e-01	8.0919169034930627e-02
9.9999900000099985e-07	5.0576581701299625e-02	7.9833864807152960e-02	3.8569168916906590e-03	6.8984797631294104e-01	1.7588366028791558e-01
9.9999900000099985e-07	2.4529266412977358e-02	5.6967560344068337e-02	1.0656690172560334e-02	8.2707241752105087e-01	8.0773065550343109e-02
9.9999900000100006e-07	6.8484783500511986e-02	7.4038725851459805e-02	1.3840417427804529e-02	7.5776451761229791e-01	8.5870555608925730e-02
9.9999900000099985e-07	8.9499703242398379e-02	8.0728865523703217e-02	2.1822443979483418e-02	6.9715092782506649e-01	1.1079705943034837e-01
9.9999800000400001e-07	1.9345095472256938e-02	7.4056913218398079e-02	9.9999800000400001e-07	8.2346996555150698e-01	8.3126025761838043e-02
9.9999800000399980e-07	8.6532399952120545e-02	8.8176832850322004e-02	9.9999800000399980e-07	6.0825780420942965e-01	2.1703096299212776e-01
9.0851650088382419e-02	1.0051854801257845e-01	5.6922034730082588e-02	2.7826199248939174e-02	6.0302700557981048e-01	1.2085456234020676e-01
9.9999900000099985e-07	5.3040308784625616e-02	7.7664633731461777e-02	4.6670264647340913e-02	7.4682914269767253e-01	7.5794650139899111e-02
9.9999900000099985e-07	2.1343796950057465e-02	6.9267131896888642e-02	4.2874890813450316e-03	7.6984456562092196e-01	1.3525601645178692e-01
9.9999900000100006e-07	6.1272498830253763e-02	5.1921817105296142e-02	2.4093709783349265e-02	5.1600798682550253e-01	3.4670298745659839e-01
9.9999900000100006e-07	4.5266731137245532e-02	8.6289767227782574e-02	1.7533644780934850e-03	7.6838410601400620e-01	9.8305031143871999e-02
5.2572293006049306e-02	9.9999800000400044e-07	3.3561245626618760e-02	9.9999800000400044e-07	8.7051910145329092e-01	4.3345359918041199e-02
9.9999900000099985e-07	8.6874955341055327e-02	7.4737341948463695e-02	2.0140943760639551e-04	6.4200766927215547e-01	1.9617762400171918e-01
9.9999800000399980e-07	5.9646637686845208e-02	5.4517756096041155e-02	9.9999800000399980e-07	7.1230619793506733e-01	1.7352740828604632e-01
9.9999900000100006e-07	7.1862460577644671e-02	6.1439368857130958e-02	1.4941966185376100e-03	7.5364097918066297e-01	1.1156199476702375e-01
9.9999900000100027e-07	5.0170879395390514e-02	5.2514347183717502e-02	2.1880719825003859e-03	7.7570255686019629e-01	1.1942314457919531e-01
6.1378604690727361e-02	3.9727192027477355e-02	6.7290141837427694e-02	2.0664041304351483e-03	7.5961583324138149e-01	6.9921824072550778e-02
9.9999900000099985e-07	4.8202264588750598e-02	6.1233117827506699e-02	3.5906522457047913e-03	7.7378248307816155e-01	1.1319048226087630e-01
9.9999900000099985e-07	2.5630431185521007e-02	9.2071557358698541e-02	6.5730301094208653e-03	7.7564634232448737e-01	1.0007763902287214e-01
9.9999800000400001e-07	6.9193985960581100e-02	4.2316106764635243e-02	9.9999800000400001e-07	7.9091713363499483e-01	9.7570773643788911e-02
9.9999900000100006e-07	3.7438057551154612e-02	2.7428092963033262e-02	2.4955074739399116e-02	8.2439734908678119e-01	8.5780425660631890e-02
6.1985872280677971e-02	4.2231909105855975e-02	5.2463350894878462e-02	1.7404874728244528e-02	6.6454444670615032e-01	1.6136954628419276e-01
9.9999800000400001e-07	7.4747589300364792e-02	5.5181326777638824e-02	9.9999800000400001e-07	7.4154720046330769e-01	1.2852188346268859e-01
9.9999900000100006e-07	1.4248943754826962e-01	1.1711200220608697e-01	1.6581060768015011e-02	7.1786232527852767e-01	5.9541742001006162e-03
9.9999900000100006e-07	1.4421112903001881e-01	1.3328888629819197e-01	1.4883148937061436e-02	6.5949898342106406e-01	4.8116852314663693e-02
9.9999800000400001e-07	9.2949481926436039e-02	1.1786252411663418e-01	9.9999800000400001e-07	7.1944918447815964e-01	6.9736809482770015e-02
9.9999800000399980e-07	1.5297700973414902e-01	1.1288283392170065e-01	9.9999800000399980e-07	5.9128196837586522e-01	1.4285618797228514e-01
9.9999800000400022e-07	1.1348765904434492e-01	1.1257475472023125e-01	9.9999800000400022e-07	7.0458519076997106e-01	6.9350395469452833e-02
9.9999900000100027e-07	1.4414154933580314e-01	5.1295624513598363e-02	9.5927113389149780e-03	6.7294796267497137e-01	1.2202115213771218e-01
1.7563102448274989e-01	1.1593316164416261e-01	1.5742601083281274e-01	1.7008928861620653e-02	5.3399987417965422e-01	9.9999900000100006e-07
9.9999900000099985e-07	1.8814118639647465e-01	1.3968140866642095e-01	1.2804947321883475e-02	4.6651417589368005e-01	1.9285728172254088e-01
9.9999800000400022e-07	1.1627459959411500e-01	1.1026539516984218e-01	9.9999800000400022e-07	7.1893113071583203e-01	5.4526874524210685e-02
1.0269961666419768e-01	2.0100915441322020e-01	2.0598677140995525e-01	9.9999800000400001e-07	4.9030245751662704e-01	9.9999800000400001e-07
9.9999900000099985e-07	7.9663340912599856e-02	4.8410083487418792e-02	2.1352909802460757e-02	6.1805643928362852e-01	2.3251622651489207e-01
9.9999900000099985e-07	7.8160573485215309e-02	6.7566844780849206e-02	2.5835404826958272e-02	7.0271331636954160e-01	1.2572286053843545e-01
9.9999800000400001e-07	4.0200133401582044e-02	1.4821461016504001e-02	9.9999800000400001e-07	8.5944580342543841e-01	8.5530602160475616e-02
9.9999800000400022e-07	7.1241398762612804e-02	3.1988156300975033e-02	9.9999800000400022e-07	8.3693405388946152e-01	5.9834391050950730e-02
9.9999900000100006e-07	7.4566160053519043e-02	7.0387806074687864e-02	9.2489566325906578e-03	7.5117398813889258e-01	9.4622089101309759e-02
9.9999900000099985e-07	7.4721295527514192e-02	9.5455966316442334e-02	1.1666423753391761e-02	7.4262163724383834e-01	7.5533677159813267e-02
2.1216908171931406e-02	1.2931295221685099e-01	9.9755799019206823e-02	1.6118036313075713e-02	5.7494329237277220e-01	1.5865301190616293e-01
9.9999900000099985e-07	1.1627017123179408e-01	6.7138693859532292e-02	1.0335022019335951e-02	5.8790456252309842e-01	2.1835055036723924e-01
9.9999900000099985e-07	1.1338069485316783e-01	8.8328881493428241e-02	1.2644422407775133e-03	6.2834600389901940e-01	1.6867897751460700e-01
9.9999900000099985e-07	9.4172682761652887e-02	8.5880246484841452e-02	3.4986168790225075e-03	7.2304888403485268e-01	9.3398569840630552e-02
9.9999800000399980e-07	7.8101645998070596e-02	5.1983635849991466e-02	9.9999800000399980e-07	6.8338841181775067e-01	1.8652430633818712e-01
9.9999900000099985e-07	5.2428897538344274e-02	4.6277541853521238e-02	1.5538755143544657e-02	7.5811229394570701e-01	1.2764151151988290e-01
3.5971021313767898e-01	4.8078228002425144e-02	2.2687991858451172e-02	9.9999900000099985e-07	2.5190480330479598e-01	3.1761776369764871e-01
4.1279991513100261e-01	1.4733401958002853e-02	3.7602500774055435e-02	9.9999900000100006e-07	4.3401311468410675e-01	1.0085006745383235e-01
9.9999900000099985e-07	1.9469533928789631e-01	9.8438056341825814e-02	6.3809740470441518e-03	6.1858119773549369e-01	8.1903432588739986e-02
1.3676919700026487e-02	9.8779358053055932e-02	1.3123371020295005e-01	1.3986920604047191e-02	7.4232209144092032e-01	9.9999900000100006e-07
4.2207591462478919e-02	1.0176314217885783e-01	1.0144415363128211e-01	9.8905584321090940e-03	7.4469355429627204e-01	9.9999900000100006e-07
3.3404637342976302e-03	5.6875673062857499e-02	8.4143032054533926e-02	9.9999800000400022e-07	8.5563883115231099e-01	9.9999800000400022e-07
9.9999900000100006e-07	1.4018287389605344e-01	1.2880682058645895e-01	8.3212258437696217e-03	7.0148137931022081e-01	2.1206700364497236e-02
1.1452681070657333e-01	1.4996340261672653e-01	1.1947152602525589e-01	2.0809057033218812e-02	5.7413650350225298e-01	2.1092700115972460e-02
6.3098139733057029e-02	1.3652142954251584e-01	1.0051173177313709e-01	1.1574379089173328e-02	6.8829331986311670e-01	9.9999900000099985e-07
1.1429803416091248e-01	1.6467246560768356e-01	1.2233111276753071e-01	9.9999900000100006e-07	5.3014058168099643e-01	6.8556805783876823e-02
2.0439326098429855e-02	1.4976947327137516e-01	1.6906452676284064e-01	9.9999800000399938e-07	6.6072467387135447e-01	9.9999800000399938e-07
9.9999800000399980e-07	1.0641072318147719e-01	1.4524190495532482e-01	9.9999800000399980e-07	7.2367731116249345e-01	2.4668060704704519e-02
3.0660463368129266e-02	1.1449357559859345e-01	1.2138697841489941e-01	1.5262818672709759e-02	7.1819516394666805e-01	9.9999900000099964e-07
6.8858685498347103e-02	1.1364481039776381e-01	9.2905942846117043e-02	9.6022423000735133e-03	7.0479457920438793e-01	1.0193739753310697e-02
9.9999900000100006e-07	6.8234286286313089e-02	9.8868669769613324e-02	1.7699232108579974e-02	6.9123847616724454e-01	1.2395833566924901e-01
9.9999900000099985e-07	7.6726363157623434e-02	8.1569612296518018e-02	1.4582644403776169e-02	7.0030948438237817e-01	1.2681089576070423e-01
9.9999900000100006e-07	8.6874272402328187e-02	6.4023924561629017e-02	1.4690386049656741e-03	6.9050016932642977e-01	1.5713159510564725e-01
9.9999900000099964e-07	5.8127051437257184e-03	6.9660770626248231e-02	4.9527925949386766e-03	8.2450600270500751e-01	9.5066728931079841e-02
9.9999800000400001e-07	3.6832407277834434e-02	6.7523997753911102e-02	9.9999800000400001e-07	7.7505115844505146e-01	1.2059043652720301e-01
9.9999900000100006e-07	9.2500485357787737e-02	5.1152630242700586e-02	7.7091042014579558e-03	7.2883690296037817e-01	1.1979987723867552e-01
9.9999900000100006e-07	3.6756489405661223e-02	3.6608502157335028e-02	1.3837086715227253e-02	7.7596423615583232e-01	1.3683268556694428e-01
2.4566773658002852e-01	1.2631672161244564e-01	7.3839286812506386e-02	2.0625003805839731e-02	4.2192984421314716e-01	1.1162140697603279e-01
9.9999800000400001e-07	1.8893149731300499e-01	1.8343677498499475e-01	9.9999800000400001e-07	5.8582538066903211e-01	4.1804347036968170e-02
9.9999900000099985e-07	8.4271742579952791e-02	1.0739401601729573e-01	1.3116943000204372e-02	7.2891901679503446e-01	6.6297281608512615e-02
4.2003907181356839e-02	1.6660994293270937e-01	1.9553377572528369e-01	3.2072326768056852e-03	5.9264414148484446e-01	9.9999900000100006e-07
1.4856961452656168e-02	1.3415050050933422e-01	1.2346178195802222e-01	1.0848805820755116e-02	7.1668095026023237e-01	9.9999900000100006e-07
2.5902290760317127e-02	9.3535926262112157e-02	7.7262385997725433e-02	1.2204228268924937e-02	7.9109416871192040e-01	9.9999900000099964e-07
9.9999800000399980e-07	6.5799536314791671e-02	8.4203521924438279e-02	9.9999800000399980e-07	8.3412188070786775e-01	1.5873061056902484e-02
9.9999900000100027e-07	1.4215741760118134e-01	1.1967592474468824e-01	1.3087110976411255e-02	7.1370604451278674e-01	1.1372502165932429e-02
4.2558751654856217e-02	1.2139676815078107e-01	1.0368715663613276e-01	1.5996983665847711e-03	7.3075662519264528e-01	9.9999900000099985e-07
1.1729566635980768e-01	1.3018593442606036e-01	1.6022027022568053e-01	9.9999900000100006e-07	5.3374847017306803e-01	5.8548658816383457e-02
1.0191729116827615e-01	9.8503876629769921e-02	1.3790029534347936e-01	7.5187223862300543e-03	6.5415881447324453e-01	9.9999900000100006e-07
5.6411580826209388e-02	2.6911625962152103e-01	2.0110451788012640e-01	9.9999900000099985e-07	4.0161464575239109e-01	7.1751995920752001e-02
3.9957308231774680e-02	1.6534424239292403e-01	1.2202953763260847e-01	9.9999800000399980e-07	6.7266691174669302e-01	9.9999800000399980e-07
9.8536731958457399e-02	1.3896202092271526e-01	1.3618164108154096e-01	1.2947521435744217e-02	6.1337108460254208e-01	9.9999900000100006e-07
9.9999900000100006e-07	4.6623269916960912e-02	7.4840736457440882e-02	2.9604548876857359e-02	7.8810398173237595e-01	6.0826463017364975e-02
9.9999900000099964e-07	6.5582230124157120e-02	9.1834109790414661e-02	1.2703827190575877e-02	6.5853439497749011e-01	1.7134443791836210e-01
9.9999900000099964e-07	5.7037973012435746e-02	6.4758212796937401e-02	2.9173358534353579e-02	6.3952701117627575e-01	2.0950244448099747e-01
9.9999900000099985e-07	1.0419837049918496e-01	8.4502212731338219e-02	1.6961542730598484e-02	6.1349116551410121e-01	1.8084570852577703e-01
9.9999800000400022e-07	8.6024689147171055e-02	8.5264962603166627e-02	9.9999800000400022e-07	6.4970979623791913e-01	1.7899855201574313e-01
9.9999900000099985e-07	7.1993513153655500e-02	8.4528670537007689e-02	7.4488907763568457e-03	6.5288636032540193e-01	1.8314156520857791e-01
9.9999900000099985e-07	2.3422098917536371e-01	1.4690357037405144e-01	3.1240032169553310e-02	5.6060974649813566e-01	2.7024661783895870e-02
1.7590547913366186e-02	2.0202798998625440e-01	1.6657232965322147e-01	9.9999900000100006e-07	5.9835969030667369e-01	1.5448442141484175e-02
9.9999900000099985e-07	2.0725096700261389e-01	1.4902032358408157e-01	9.7250779639362593e-03	5.8470230537597823e-01	4.9300326074389979e-02
9.9999900000100006e-07	2.0143565710576003e-01	1.7174881157672395e-01	6.1471864874930362e-03	5.6969014227243653e-01	5.0977202558586322e-02
1.6029414948064249e-01	1.4174915381961389e-01	1.6171526060479172e-01	1.8239527498814734e-02	4.0068011853862329e-01	1.1732179005751389e-01
1.2297638256824070e-02	2.6013224906990526e-02	1.3024383994334612e-01	2.4414642891891030e-02	8.0702965400194826e-01	9.9999900000100006e-07
2.5873474523781741e-02	4.1809609909064072e-02	6.0314878212327901e-02	9.9999800000400001e-07	8.7200003735882636e-01	9.9999800000400001e-07
1.5916766914035069e-01	7.0132382980688496e-02	5.7404345795946533e-02	1.1974319147976736e-02	7.0132028293603765e-01	9.9999900000100006e-07
2.2791878256988283e-02	1.7192328943600309e-02	9.4631696172457855e-02	9.9999800000400001e-07	8.6538209663095367e-01	9.9999800000400001e-07
1.0939944734916708e-01	2.7112079394117522e-01	1.2247786529726286e-01	8.2961139502724080e-04	4.9617128201836769e-01	9.9999900000100006e-07
1.1795413630345453e-01	1.8703998029142249e-01	1.5793924322567998e-01	2.4635820745868356e-03	5.3460205810585615e-01	9.9999900000100006e-07
5.6394712012943056e-02	1.9924227551843443e-01	1.2849694007346671e-01	3.8519802826398838e-03	6.1201309211351607e-01	9.9999900000100006e-07
2.2202428932973653e-01	1.7143459192952112e-01	1.2479715846566049e-01	9.9999800000400022e-07	4.8174196027908200e-01	9.9999800000400022e-07
9.9999800000400065e-07	4.8367493346741930e-01	1.8021471050121229e-01	9.9999800000400065e-07	3.2931306187584714e-01	6.7952941595214693e-03
9.9999900000099964e-07	6.0456899497179695e-01	4.4147254821002103e-02	4.2991168448765138e-03	3.4688027947540101e-01	1.0335388792344584e-04
9.9999800000400022e-07	8.5159526941303199e-01	8.6118152636370904e-02	1.3645520209488549e-02	4.8639057745108710e-02	9.9999800000400022e-07
8.3752387689109940e-03	4.7684902348943126e-01	1.2352801180349769e-01	1.1705781589998946e-02	3.7954094434916119e-01	9.9999900000100006e-07
2.8918885881137259e-02	4.1371081381726577e-01	1.2777694751692814e-01	9.5978463461172531e-03	3.2090144275406612e-01	9.9094063684485520e-02
9.9999900000099964e-07	7.7909332361883110e-01	6.4106301539391689e-02	9.8054616555440111e-03	1.2968422277367714e-01	1.7309690413555900e-02
9.9999800000400001e-07	7.1142693963973358e-01	5.0833115575792683e-02	1.1995771629639173e-02	2.2574217315883460e-01	9.9999800000400001e-07
9.9999800000400022e-07	5.4078360013321203e-01	2.0775857930827302e-01	6.0009002039745326e-03	2.4545492035854047e-01	9.9999800000400022e-07
9.9999700000900002e-07	8.4696197214237845e-01	1.4965593790233203e-01	3.3790899642898073e-03	9.9999700000900002e-07	9.9999700000900002e-07
9.9999700000899981e-07	7.3840732017218424e-01	1.7673512072918754e-01	9.9999700000899981e-07	8.4854559107628166e-02	9.9999700000899981e-07
9.9999700000900044e-07	7.1374388453843474e-01	2.7707694199559146e-01	9.9999700000900044e-07	9.1761734749738980e-03	9.9999700000900044e-07
6.9126685300310410e-03	6.4903689954915855e-01	9.2685025927909198e-02	7.9286114046595267e-03	2.4343579458924169e-01	9.9999900000099985e-07
9.9999800000400001e-07	6.4031905677886569e-01	1.7425097373189483e-01	7.6716748291551472e-03	1.7775629466408449e-01	9.9999800000400001e-07
9.9999900000099964e-07	3.5745296429047246e-01	2.3415303563293927e-01	1.1972218431575960e-02	3.7017977602533636e-01	2.6241005620675890e-02
9.0799660324015180e-02	5.2405137288081238e-01	1.2661020015442562e-01	1.5301680185140583e-02	1.5542709254052672e-01	8.7809993915079487e-02
2.0477693745571537e-02	5.0129189088012593e-01	3.2170718648817542e-01	1.7167457361882934e-02	1.0308763810478203e-01	3.6268133419462174e-02
9.9999800000399980e-07	7.8124384709666361e-01	9.4935603670159588e-02	5.9102258883793413e-03	1.1790832334879763e-01	9.9999800000399980e-07
9.9999600001599966e-07	9.9847252246171980e-01	1.5234775542804506e-03	9.9999600001599966e-07	9.9999600001599966e-07	9.9999600001599966e-07
9.9999900000100006e-07	4.8810702072480067e-01	1.1788461671655377e-01	8.6754215401097113e-03	3.7247991418531373e-01	1.2852026834222130e-02
9.2454993290435813e-02	4.1626337473730030e-01	1.3218311725829168e-01	1.0783593645008738e-02	2.7553198486348757e-01	7.2782936205476059e-02
9.9999900000100027e-07	6.9465445443651053e-01	9.3180203787045626e-02	1.0302398588782303e-02	1.6266485835733585e-01	3.9197084831325758e-02
9.9999900000099985e-07	5.8270845282689820e-01	7.8109362919520572e-02	1.5575254244232675e-03	3.2745866746457808e-01	1.0164991365579943e-02
9.9999800000399980e-07	7.0410330147564015e-01	7.1096214412273706e-02	9.9999800000399980e-07	2.1629801839768995e-01	8.5004657183962058e-03
9.9999900000099943e-07	5.9565244939225459e-01	1.0313021580990563e-01	4.0094832425355845e-02	2.3194126437696608e-01	2.9180237996517814e-02
9.9999700000900002e-07	6.9055589067855261e-01	6.6494656526497067e-02	9.9999700000900002e-07	2.4294645280395039e-01	9.9999700000900002e-07
9.9999700000899960e-07	6.1705598768254732e-01	6.6590912821042528e-02	9.9999700000899960e-07	3.1635009950541021e-01	9.9999700000899960e-07
9.9999800000400001e-07	6.7574374111711866e-01	2.1268222175429385e-01	7.8565666860129241e-03	1.0371547044657446e-01	9.9999800000400001e-07
9.9999800000399938e-07	6.6692723720524483e-01	1.8599488667789812e-01	3.2639182140124547e-02	1.1443669398073239e-01	9.9999800000399938e-07
1.1745087917999076e-02	7.8570206654161800e-01	1.1891475653864340e-02	7.0152762032374425e-03	1.8364509368428122e-01	9.9999900000099985e-07
9.9999800000399980e-07	6.2583679469324638e-01	1.8408627483925791e-01	9.9999800000399980e-07	1.8175994251460301e-01	8.3149879568926444e-03
1.6486283962854491e-02	5.8328742466712080e-01	5.6383141619731750e-02	7.2382916268052796e-03	3.3660385812448773e-01	9.9999900000099964e-07
9.9999800000400001e-07	7.1378604256340750e-01	2.0992410227089922e-01	1.8123172209346852e-02	5.8164682960346541e-02	9.9999800000400001e-07
9.9999800000400001e-07	7.9681113217051558e-01	7.5133144909484154e-02	1.4459588185610607e-02	1.1359413473838982e-01	9.9999800000400001e-07
9.9999700000899960e-07	8.0053918011784742e-01	1.3888302062160715e-01	9.9999700000899960e-07	6.0574799269545454e-02	9.9999700000899960e-07
2.0005200842656660e-02	4.9487932109809502e-01	1.4509255165175153e-01	9.9999800000399938e-07	3.4002092641149678e-01	9.9999800000399938e-07
9.9999800000400001e-07	5.1209753121706258e-01	3.3922467674054275e-02	9.9999800000400001e-07	4.3846114016386784e-01	1.5516860949015219e-02
9.9999800000399938e-07	6.5437782145776036e-01	1.4921025694634629e-01	1.5268331309921850e-02	1.8114159028997162e-01	9.9999800000399938e-07
9.9999800000400001e-07	8.7369145691517824e-01	5.7058380874481979e-02	5.9855592456726937e-03	6.3262602968667106e-02	9.9999800000400001e-07
3.2770946332879112e-03	8.9271893057593099e-01	6.6549667729937964e-02	9.9999800000400001e-07	3.7452307064843128e-02	9.9999800000400001e-07
9.9999600001600030e-07	9.2941176126743841e-01	7.0584238748561748e-02	9.9999600001600030e-07	9.9999600001600030e-07	9.9999600001600030e-07
1.2813587790743450e-01	5.0368991273541897e-01	7.7777515786196141e-02	1.5169324887827338e-03	1.6805748209089438e-01	1.2082227899127326e-01
9.9999700000899981e-07	8.3142444501349677e-01	1.0575127464542952e-01	9.9999700000899981e-07	6.2821280350073672e-02	9.9999700000899981e-07
9.9999700000900023e-07	4.2424131461282832e-01	2.3736492633011946e-01	9.9999700000900023e-07	3.3839075906605248e-01	9.9999700000900023e-07
5.7543274770799754e-03	6.6615540221050717e-01	2.1169360720491825e-01	1.4872323100600654e-02	1.0152334000789398e-01	9.9999900000100027e-07
9.9999800000400044e-07	5.7758070066784073e-01	1.9524485020911830e-01	9.9999800000400044e-07	2.1739910420905031e-01	9.7733449179905878e-03
9.9999900000099964e-07	6.6446047205948544e-01	6.9661175094965985e-02	2.7004343630754438e-02	2.2868425528770109e-01	1.0188753928092969e-02
9.9999700000900002e-07	9.7170493062303065e-01	1.2461119406416825e-02	9.9999700000900002e-07	1.5830949979552568e-02	9.9999700000900002e-07
9.9999800000400044e-07	8.3964468970078376e-01	1.9474689252038851e-02	5.4471256191410333e-03	1.3543149543203639e-01	9.9999800000400044e-07
9.9999700000899981e-07	6.7666491320742272e-01	1.4650524195462514e-01	9.9999700000899981e-07	1.7682684484695207e-01	9.9999700000899981e-07
9.9999800000400065e-07	3.7780448526430471e-01	1.8009225979701265e-01	9.9999800000400065e-07	3.8657081901381429e-01	5.5530435928868499e-02
9.9999600001599987e-07	9.9999600001599987e-07	9.9999600001599987e-07	1.3902785496479239e-02	9.8609321451952092e-01	9.9999600001599987e-07
9.9999600001600008e-07	9.9999600001600008e-07	9.9999600001600008e-07	9.9999600001600008e-07	9.9999500002000008e-01	9.9999600001600008e-07
9.9999600001599987e-07	9.9999600001599987e-07	9.9999600001599987e-07	1.0054511109599183e-02	9.8994148890640099e-01	9.9999600001599987e-07
9.9999600001599987e-07	9.9999600001599987e-07	9.9999600001599987e-07	2.4584520321968856e-03	9.9753754798380323e-01	9.9999600001599987e-07
9.9999600001600008e-07	9.9999600001600008e-07	9.9999600001600008e-07	9.9999600001600008e-07	9.9999500002000008e-01	9.9999600001600008e-07
9.9999600001600008e-07	9.9999600001600008e-07	9.9999600001600008e-07	9.9999600001600008e-07	9.9999500002000008e-01	9.9999600001600008e-07
9.9999600001600008e-07	9.9999600001600008e-07	9.9999600001600008e-07	9.9999600001600008e-07	9.9999500002000008e-01	9.9999600001600008e-07
9.9999600001600008e-07	9.9999600001600008e-07	9.9999600001600008e-07	9.9999600001600008e-07	9.9999500002000008e-01	9.9999600001600008e-07
9.9999600001600008e-07	9.9999600001600008e-07	9.9999600001600008e-07	9.9999600001600008e-07	9.9999500002000008e-01	9.9999600001600008e-07
9.9999600001600008e-07	9.9999600001600008e-07	9.9999600001600008e-07	9.9999600001600008e-07	9.9999500002000008e-01	9.9999600001600008e-07
9.9999600001600008e-07	9.9999600001600008e-07	9.9999600001600008e-07	9.9999600001600008e-07	9.9999500002000008e-01	9.9999600001600008e-07
9.9999600001600008e-07	9.9999600001600008e-07	9.9999600001600008e-07	9.9999600001600008e-07	9.9999500002000008e-01	9.9999600001600008e-07
9.9999600001600008e-07	9.9999600001600008e-07	9.9999600001600008e-07	9.9999600001600008e-07	9.9999500002000008e-01	9.9999600001600008e-07
9.9999600001600008e-07	9.9999600001600008e-07	9.9999600001600008e-07	9.9999600001600008e-07	9.9999500002000008e-01	9.9999600001600008e-07
9.9999600001600008e-07	9.9999600001600008e-07	9.9999600001600008e-07	9.9999600001600008e-07	9.9999500002000008e-01	9.9999600001600008e-07
9.9999600001600008e-07	9.9999600001600008e-07	9.9999600001600008e-07	9.9999600001600008e-07	9.9999500002000008e-01	9.9999600001600008e-07
9.9999600001599966e-07	9.9999600001599966e-07	9.9999600001599966e-07	1.8147880397463699e-03	9.9818121197625365e-01	9.9999600001599966e-07
9.9999600001600008e-07	9.9999600001600008e-07	9.9999600001600008e-07	9.9999600001600008e-07	9.9999500002000008e-01	9.9999600001600008e-07
9.9999600001600008e-07	9.9999600001600008e-07	9.9999600001600008e-07	5.5752461607310186e-03	9.9442075385526907e-01	9.9999600001600008e-07
9.9999600001600008e-07	9.9999600001600008e-07	9.9999600001600008e-07	9.9999600001600008e-07	9.9999500002000008e-01	9.9999600001600008e-07
9.9999600001600008e-07	9.9999600001600008e-07	9.9999600001600008e-07	9.9999600001600008e-07	9.9999500002000008e-01	9.9999600001600008e-07
9.9999600001600008e-07	9.9999600001600008e-07	9.9999600001600008e-07	9.9999600001600008e-07	9.9999500002000008e-01	9.9999600001600008e-07
9.9999600001599966e-07	9.9999600001599966e-07	9.9999600001599966e-07	1.8072627153698371e-02	9.8192337286230169e-01	9.9999600001599966e-07
9.9999600001600008e-07	9.9999600001600008e-07	9.9999600001600008e-07	9.9999600001600008e-07	9.9999500002000008e-01	9.9999600001600008e-07
9.9999600001600030e-07	9.9999600001600030e-07	9.9999600001600030e-07	1.4222607612585860e-02	9.8577339240341433e-01	9.9999600001600030e-07
9.9999600001600008e-07	9.9999600001600008e-07	9.9999600001600008e-07	9.9999600001600008e-07	9.9999500002000008e-01	9.9999600001600008e-07
9.9999600001599966e-07	9.9999600001599966e-07	9.9999600001599966e-07	1.1870250567419423e-02	9.8812574944858056e-01	9.9999600001599966e-07
9.9999600001600008e-07	9.9999600001600008e-07	9.9999600001600008e-07	9.9999600001600008e-07	9.9999500002000008e-01	9.9999600001600008e-07
9.9999600001599966e-07	9.9999600001599966e-07	9.9999600001599966e-07	2.2299254288888079e-03	9.9776607458711120e-01	9.9999600001599966e-07
9.9999600001599966e-07	9.9999600001599966e-07	9.9999600001599966e-07	3.8144333549051065e-03	9.9618156666109492e-01	9.9999600001599966e-07
9.9999600001600008e-07	9.9999600001600008e-07	9.9999600001600008e-07	9.9999600001600008e-07	9.9999500002000008e-01	9.9999600001600008e-07
9.9999600001599966e-07	9.9999600001599966e-07	9.9999600001599966e-07	2.8023461608901630e-03	9.9719365385510994e-01	9.9999600001599966e-07
9.9999600001599987e-07	9.9999600001599987e-07	9.9999600001599987e-07	1.6396303474127173e-03	9.9835636966858732e-01	9.9999600001599987e-07
9.9999600001599987e-07	9.9999600001599987e-07	9.9999600001599987e-07	1.4735193342936517e-02	9.8526080667306359e-01	9.9999600001599987e-07
9.9999600001600030e-07	9.9999600001600030e-07	9.9999600001600030e-07	2.0282362620879851e-03	9.9796776375391205e-01	9.9999600001600030e-07
9.9999600001600030e-07	9.9999600001600030e-07	9.9999600001600030e-07	2.8014892383299858e-03	9.9719451077767007e-01	9.9999600001600030e-07
9.9999600001600008e-07	9.9999600001600008e-07	9.9999600001600008e-07	9.9999600001600008e-07	9.9999500002000008e-01	9.9999600001600008e-07
9.9999600001600008e-07	9.9999600001600008e-07	9.9999600001600008e-07	9.9999600001600008e-07	9.9999500002000008e-01	9.9999600001600008e-07
9.9999600001600008e-07	9.9999600001600008e-07	9.9999600001600008e-07	9.9999600001600008e-07	9.9999500002000008e-01	9.9999600001600008e-07
9.9999600001600008e-07	9.9999600001600008e-07	9.9999600001600008e-07	9.9999600001600008e-07	9.9999500002000008e-01	9.9999600001600008e-07
9.9999600001600008e-07	9.9999600001600008e-07	9.9999600001600008e-07	2.7566785660308683e-03	9.9723932144996918e-01	9.9999600001600008e-07
9.9999600001600008e-07	9.9999600001600008e-07	9.9999600001600008e-07	9.9999600001600008e-07	9.9999500002000008e-01	9.9999600001600008e-07
9.9999600001600008e-07	9.9999600001600008e-07	9.9999600001600008e-07	9.9999600001600008e-07	9.9999500002000008e-01	9.9999600001600008e-07
9.9999600001600008e-07	9.9999600001600008e-07	9.9999600001600008e-07	9.9999600001600008e-07	9.9999500002000008e-01	9.9999600001600008e-07
9.9999600001600008e-07	9.9999600001600008e-07	9.9999600001600008e-07	9.9999600001600008e-07	9.9999500002000008e-01	9.9999600001600008e-07
9.9999600001600008e-07	9.9999600001600008e-07	9.9999600001600008e-07	9.9999600001600008e-07	9.9999500002000008e-01	9.9999600001600008e-07
9.9999600001600008e-07	9.9999600001600008e-07	9.9999600001600008e-07	9.9999600001600008e-07	9.9999500002000008e-01	9.9999600001600008e-07
9.9999600001600008e-07	9.9999600001600008e-07	9.9999600001600008e-07	6.9933027751178478e-04	9.9929666973848841e-01	9.9999600001600008e-07
9.9999600001599987e-07	9.9999600001599987e-07	9.9999600001599987e-07	2.6603015574998794e-04	9.9972996986025009e-01	9.9999600001599987e-07
9.9999600001600008e-07	9.9999600001600008e-07	9.9999600001600008e-07	1.0171726272499786e-02	9.8982427374350035e-01	9.9999600001600008e-07
6.7163605455342168e-01	9.9999600001599966e-07	9.9999600001599966e-07	9.9999600001599966e-07	9.9999600001599966e-07	3.2835994546257824e-01
7.1362502317500642e-01	9.9999600001599987e-07	9.9999600001599987e-07	9.9999600001599987e-07	9.9999600001599987e-07	2.8637097684099333e-01
6.6696479680273868e-01	9.9999600001599945e-07	9.9999600001599945e-07	9.9999600001599945e-07	9.9999600001599945e-07	3.3303120321326107e-01
9.9999600001600008e-07	9.9999600001600008e-07	9.9999600001600008e-07	9.9999600001600008e-07	9.9999600001600008e-07	9.9999500002000008e-01
4.9440247642087215e-01	9.9999600001600008e-07	9.9999600001600008e-07	9.9999600001600008e-07	9.9999600001600008e-07	5.0559352359512788e-01
6.1285523271667885e-01	9.9999600001599945e-07	9.9999600001599945e-07	9.9999600001599945e-07	9.9999600001599945e-07	3.8714076729932095e-01
7.1933390174152623e-01	9.9999600001599987e-07	9.9999600001599987e-07	9.9999600001599987e-07	9.9999600001599987e-07	2.8066209827447364e-01
5.9614786475131964e-01	9.9999600001599987e-07	9.9999600001599987e-07	9.9999600001599987e-07	9.9999600001599987e-07	4.0384813526468027e-01
9.9999500002000030e-01	9.9999600001600030e-07	9.9999600001600030e-07	9.9999600001600030e-07	9.9999600001600030e-07	9.9999600001600030e-07
9.9999500002000030e-01	9.9999600001600030e-07	9.9999600001600030e-07	9.9999600001600030e-07	9.9999600001600030e-07	9.9999600001600030e-07
9.9999500002000030e-01	9.9999600001600030e-07	9.9999600001600030e-07	9.9999600001600030e-07	9.9999600001600030e-07	9.9999600001600030e-07
5.7913845798312669e-01	9.9999600001599987e-07	9.9999600001599987e-07	9.9999600001599987e-07	9.9999600001599987e-07	4.2085754203287318e-01
9.9999600001600008e-07	9.9999600001600008e-07	9.9999600001600008e-07	9.9999600001600008e-07	9.9999600001600008e-07	9.9999500002000008e-01
5.3084000014591359e-01	9.9999600001600008e-07	9.9999600001600008e-07	9.9999600001600008e-07	9.9999600001600008e-07	4.6915599987008627e-01
5.4402595127227860e-01	9.9999600001600008e-07	9.9999600001600008e-07	9.9999600001600008e-07	9.9999600001600008e-07	4.5597004874372127e-01
9.9999500002000030e-01	9.9999600001600030e-07	9.9999600001600030e-07	9.9999600001600030e-07	9.9999600001600030e-07	9.9999600001600030e-07
6.0840828613214515e-01	9.9999600001599966e-07	9.9999600001599966e-07	9.9999600001599966e-07	9.9999600001599966e-07	3.9158771388385472e-01
5.8499171645419179e-01	9.9999600001600008e-07	9.9999600001600008e-07	9.9999600001600008e-07	9.9999600001600008e-07	4.1500428356180813e-01
6.1431547718836566e-01	9.9999600001600030e-07	9.9999600001600030e-07	9.9999600001600030e-07	9.9999600001600030e-07	3.8568052282763421e-01
9.9999500002000030e-01	9.9999600001600030e-07	9.9999600001600030e-07	9.9999600001600030e-07	9.9999600001600030e-07	9.9999600001600030e-07
7.6475952201788000e-01	9.9999600001599966e-07	9.9999600001599966e-07	9.9999600001599966e-07	9.9999600001599966e-07	2.3523647799811992e-01
9.9999600001600008e-07	9.9999600001600008e-07	9.9999600001600008e-07	9.9999600001600008e-07	9.9999600001600008e-07	9.9999500002000008e-01
9.9999500002000030e-01	9.9999600001600030e-07	9.9999600001600030e-07	9.9999600001600030e-07	9.9999600001600030e-07	9.9999600001600030e-07
9.9999600001600008e-07	9.9999600001600008e-07	9.9999600001600008e-07	9.9999600001600008e-07	9.9999600001600008e-07	9.9999500002000008e-01
6.9390487425403791e-01	9.9999600001600030e-07	9.9999600001600030e-07	9.9999600001600030e-07	9.9999600001600030e-07	3.0609112576196201e-01
5.8107514841841978e-01	9.9999600001599987e-07	9.9999600001599987e-07	9.9999600001599987e-07	9.9999600001599987e-07	4.1892085159757991e-01
6.7164864041419736e-01	9.9999600001600008e-07	9.9999600001600008e-07	9.9999600001600008e-07	9.9999600001600008e-07	3.2834735960180250e-01
9.9999500002000030e-01	9.9999600001600030e-07	9.9999600001600030e-07	9.9999600001600030e-07	9.9999600001600030e-07	9.9999600001600030e-07
7.0819915282931489e-01	9.9999600001599966e-07	9.9999600001599966e-07	9.9999600001599966e-07	9.9999600001599966e-07	2.9179684718668503e-01
9.9999500002000030e-01	9.9999600001600030e-07	9.9999600001600030e-07	9.9999600001600030e-07	9.9999600001600030e-07	9.9999600001600030e-07
5.5651894568398941e-01	9.9999600001599987e-07	9.9999600001599987e-07	9.9999600001599987e-07	9.9999600001599987e-07	4.4347705433201029e-01
5.0621819594361206e-01	9.9999600001599987e-07	9.9999600001599987e-07	9.9999600001599987e-07	9.9999600001599987e-07	4.9377780407238792e-01
9.9999500002000030e-01	9.9999600001600030e-07	9.9999600001600030e-07	9.9999600001600030e-07	9.9999600001600030e-07	9.9999600001600030e-07
5.7702046014722996e-01	9.9999600001599987e-07	9.9999600001599987e-07	9.9999600001599987e-07	9.9999600001599987e-07	4.2297553986876996e-01
5.4998005022087237e-01	9.9999600001600030e-07	9.9999600001600030e-07	9.9999600001600030e-07	9.9999600001600030e-07	4.5001594979512743e-01
4.5778140528308375e-01	9.9999600001599966e-07	9.9999600001599966e-07	9.9999600001599966e-07	9.9999600001599966e-07	5.4221459473291633e-01
5.9118138768859640e-01	9.9999600001599987e-07	9.9999600001599987e-07	9.9999600001599987e-07	9.9999600001599987e-07	4.0881461232740357e-01
9.9999600001600008e-07	9.9999600001600008e-07	9.9999600001600008e-07	9.9999600001600008e-07	9.9999600001600008e-07	9.9999500002000008e-01
9.9999500002000030e-01	9.9999600001600030e-07	9.9999600001600030e-07	9.9999600001600030e-07	9.9999600001600030e-07	9.9999600001600030e-07
7.6077035464375797e-01	9.9999600001600008e-07	9.9999600001600008e-07	9.9999600001600008e-07	9.9999600001600008e-07	2.3922564537224200e-01
4.9174767927694080e-01	9.9999600001600008e-07	9.9999600001600008e-07	9.9999600001600008e-07	9.9999600001600008e-07	5.0824832073905934e-01
5.7080689268336415e-01	9.9999600001600008e-07	9.9999600001600008e-07	9.9999600001600008e-07	9.9999600001600008e-07	4.2918910733263571e-01
9.9999500002000030e-01	9.9999600001600030e-07	9.9999600001600030e-07	9.9999600001600030e-07	9.9999600001600030e-07	9.9999600001600030e-07
9.9999600001600008e-07	9.9999600001600008e-07	9.9999600001600008e-07	9.9999600001600008e-07	9.9999600001600008e-07	9.9999500002000008e-01
9.9999500002000030e-01	9.9999600001600030e-07	9.9999600001600030e-07	9.9999600001600030e-07	9.9999600001600030e-07	9.9999600001600030e-07
9.9999600001600008e-07	9.9999600001600008e-07	9.9999600001600008e-07	9.9999600001600008e-07	9.9999600001600008e-07	9.9999500002000008e-01
9.9999500002000030e-01	9.9999600001600030e-07	9.9999600001600030e-07	9.9999600001600030e-07	9.9999600001600030e-07	9.9999600001600030e-07
9.9999500002000030e-01	9.9999600001600030e-07	9.9999600001600030e-07	9.9999600001600030e-07	9.9999600001600030e-07	9.9999600001600030e-07
5.6719355978473618e-01	9.9999600001600008e-07	9.9999600001600008e-07	9.9999600001600008e-07	9.9999600001600008e-07	4.3280244023126374e-01
6.6101474048054776e-01	9.9999600001600030e-07	9.9999600001600030e-07	9.9999600001600030e-07	9.9999600001600030e-07	3.3898125953545211e-01
9.9999900000100027e-07	2.0975762172104527e-02	2.6993709449955005e-02	1.8973305612448164e-02	9.1542103593801394e-01	1.7635186828478446e-02
9.9999800000400022e-07	1.1518613454321668e-01	9.3382043826600064e-02	9.9999800000400022e-07	7.4859968419676737e-01	4.2830137437415976e-02
3.5943533067520080e-02	1.6378293813346362e-01	7.5131066514332004e-02	1.7053342528695274e-02	6.8024078499283758e-01	2.7848334763151426e-02
9.9999800000400001e-07	1.6812773392415969e-01	6.8196655012845664e-02	9.9999800000400001e-07	7.1558400000939693e-01	4.8089611057597896e-02
9.9999900000099985e-07	3.0909483014341210e-01	1.8270595329822090e-01	2.0420195676963696e-02	4.2600027997686518e-01	6.1777740905538121e-02
2.6710405066924965e-02	1.4920082844041679e-01	1.3747323354390517e-01	5.3949216964089034e-04	6.6600018896895596e-01	2.0075851810156219e-02
