6 6
6.6724860082574677e-01	1.8826087916263487e-01	1.3403120210344076e-02	3.3785414657998517e-02	1.3679815890788227e-01	1.4742008824539762e-01
1.8826087916263487e-01	3.2655660245648355e-01	1.5928961608901795e-02	4.9382387057011125e-02	1.6913325911266119e-01	1.9135943561104796e-01
1.3403120210344076e-02	1.5928961608901795e-02	1.3637940598162215e-01	2.3206842174551295e-02	1.7830238429356847e-02	2.0991661516223743e-02
3.3785414657998517e-02	4.9382387057011125e-02	2.3206842174551295e-02	3.1065384300316273e-01	4.2756954313067516e-02	4.5422408166956606e-02
1.3679815890788227e-01	1.6913325911266119e-01	1.7830238429356847e-02	4.2756954313067516e-02	4.7712957353152974e-01	1.7203687591589312e-01
1.4742008824539762e-01	1.9135943561104796e-01	2.0991661516223743e-02	4.5422408166956606e-02	1.7203687591589312e-01	2.0709783142704724e-01
